14.606780091371746	96.68531418182815	9.394988396063622	141.06780091371746	-0.0	-0.0	74.45942924987953
15.005853204153949	96.38984352487677	8.96400587721003	141.06780091371746	-0.0	-0.0	74.1921046252855
16.201121807299934	96.09543143787612	9.00168216623656	141.06780091371746	-0.0	-0.0	73.92706618746534
18.186743230723362	95.8020692282867	9.108391812051101	141.06780091371746	-0.0	-0.0	73.66271824556189
20.95301142938724	95.50975857442712	9.213547235226056	141.06780091371746	-0.0	-0.0	73.39888664360686
24.486404428053024	95.21849271660108	9.31717441294153	141.06780091371746	-0.0	-0.0	73.13533685458965
28.769650418925984	94.92827395703912	9.419299020806841	141.06780091371746	-0.0	-0.0	72.87209869865865
33.78181218910057	94.63909596267327	9.519946286852523	141.06780091371746	-0.0	-0.0	72.61029471749623
39.4983894651107	94.35096524993338	9.61914100398068	141.06780091371746	-0.0	-0.0	72.37059765165397
45.89143867430756	94.06386704963252	9.716907516317619	141.06780091371746	-0.0	-0.0	72.10690717006106
52.92970953765191	93.77779065604689	9.813269755601368	141.06780091371746	-0.0	-0.0	71.82251846403982
60.57879782623269	93.49276471317776	9.908251248858242	141.06780091371746	-0.0	-0.0	71.57094266512433
68.80131353481265	93.20875948888812	10.001875089842168	141.06780091371746	-0.0	-0.0	71.31104094201284
77.55706365034132	92.92578805438198	10.09416398237355	141.06780091371746	-0.0	-0.0	71.0528250685674
86.80324862203247	92.64383653518173	10.185140232008294	141.06780091371746	-0.0	-0.0	70.79526181524872
96.24236325023294	95.98720209667465	10.274825756325201	140.708293540006	176.79717563041163	-0.0	70.55118522583588
104.23833286364605	100.75121357416238	10.363242436300688	138.04495328116408	653.5840519487527	-0.0	71.18279705637312
109.54073877420323	101.17063610563405	10.450415761624411	132.29418491775002	1012.5895401887803	-0.0	73.83525552153655
112.98978706871154	103.59001804135023	10.536378554384468	125.21573340567723	1073.066496472497	-0.0	77.48202056076657
115.58221003815416	107.03316380272081	10.621167428772877	118.19315762022163	1023.3563230080644	-0.0	81.15488850615249
117.6592073556849	110.30413558607594	10.704818735769878	111.5988310673971	949.2082446845355	-0.0	84.59617305851138
119.3825451800198	113.28302227337198	10.787367246478452	105.5384147687363	864.4024271508947	-0.0	87.73609203869567
120.88518029723834	115.95467749397031	10.868845834569782	100.05687471606046	777.1657438412564	-0.0	90.5435105055238
122.26022395484944	118.3315899374912	10.949285372839585	95.15010577535709	693.7273723346829	-0.0	93.0152524895394
123.55580991022717	120.43380865015965	11.02871475340533	90.77713141873049	618.4215021797603	-0.0	95.17114348442998
124.78046257564633	122.28527852080117	11.107161005036954	86.87521107982137	552.8653061266654	-0.0	97.04564099338829
125.92063625622782	123.90066402245768	11.18464947095207	83.37756865717643	497.4400452686163	-0.0	98.67817111090403
126.95702421016681	125.30922913547312	11.261204005185082	80.2248050579705	449.28264672695406	-0.0	100.10456040218446
127.88178608260311	126.52510866837801	11.336847151561926	77.37341595820656	407.6677363277295	-0.0	101.35250017111494
128.6934211764359	127.59730589948241	11.41160028607027	74.78980216314068	366.4343343994961	-0.0	102.44159892772679
129.4056918969004	128.50643959586677	11.485483723067642	72.453138070578	331.90120047481156	-0.0	103.38644392808703
130.0220162101666	129.2925768647063	11.558516797810121	70.34018518420449	298.9252746404849	-0.0	104.19953328705725
130.55111123488797	129.9388657252949	11.63071793801711	68.43350607285525	273.86141554653256	-0.0	104.89258402785765
130.98755159740222	130.50571706454858	11.702104730171758	66.71138048631344	242.95005716107755	-0.0	105.47623968460069
131.34502263669586	130.94317704645232	11.772693979988661	65.16379808294016	221.86952202777547	-0.0	105.95956384004748
131.6202966034481	131.3065462928568	11.842501765181176	63.77468051317395	196.04696643262443	-0.0	106.35006762825167
131.82225861153114	131.57767140780635	11.911543480817874	62.53540132354578	173.09515434086214	-0.0	106.65421863992722
131.95530605777896	131.75955992605878	11.979833879320344	61.436787522770985	154.85122258387528	-0.0	106.87778834165725
132.02036541718462	131.8565270326522	12.047387106582892	60.46961309248609	141.66934073829148	-0.0	107.02612218435421
131.9838101167386	132.07301911022947	12.11421673601453	59.61161506893074	-0.0	-0.0	107.10383928609141
131.95315358818397	131.8696469459481	12.180335797092003	58.90058267412367	101.1413054784972	-0.0	107.11358738700532
131.8395426661134	131.64008933172616	12.24575680001305	58.29337882179479	156.31069529126057	-0.0	107.06240809868525
131.55008984408772	131.51809200856704	12.310491782641039	57.74785754824135	62.60778586792397	-0.0	106.97049087821328
131.4074805555921	131.4042047383569	12.37455235024676	57.390506849027894	20.032164419028845	-0.0	106.77764091424831
131.16806600294458	131.18935627682376	12.437949522371154	57.119550576762606	-0.0	-0.0	106.52367712599677
130.7486256195295	130.744088794579	12.500693857379252	56.900820772438976	23.57458496846221	-0.0	106.24958586456283
129.82841850254403	129.93433587986038	12.562795616737686	56.81192528986157	-0.0	-0.0	105.93109312183513
127.92995406186418	130.4323410511455	12.624264662763261	56.81192528986157	-0.0	-0.0	105.49851585206002
124.86807412672712	129.2377676688503	12.685110313460187	56.81192528986157	-0.0	-0.0	105.11502054840207
120.70257343275942	129.47283724591733	12.74534179431132	56.81192528986157	-0.0	-0.0	104.69435029349697
115.51479906672539	128.5124204921879	12.804968111348995	56.81192528986157	-0.0	-0.0	104.30533505140481
109.4060618583384	128.5513993906508	12.863998167684414	56.81192528986157	-0.0	-0.0	103.89440956943632
102.49565790480789	127.76519593537527	12.922440679465796	56.81192528986157	-0.0	-0.0	103.50265576650877
94.91853886531838	127.66140033315943	12.980304243430572	56.81192528986157	-0.0	-0.0	103.09911778873018
86.82267652171022	127.00226721494006	13.037597292024236	56.81192528986157	-0.0	-0.0	102.70658091438074
78.36617307222662	126.79698349677216	13.094328129433043	56.81192528986157	-0.0	-0.0	102.3087750274383
69.71417359074329	126.22886432888099	13.150504911533838	56.81192528986157	-0.0	-0.0	101.91680763579767
61.0356409473256	125.9533420961401	13.20613566229797	56.81192528986157	-0.0	-0.0	101.5235940837456
52.500056171939605	125.44923215569338	13.261228268775719	56.81192528986157	-0.0	-0.0	101.13310667163107
44.27410869913996	125.12658476184532	13.315790485899749	56.81192528986157	-0.0	-0.0	100.7437203081554
36.518441129170185	124.6667562275249	13.36982993998338	56.81192528986157	-0.0	-0.0	100.35530693886491
29.384512076273047	124.31368401223128	13.339245708502707	56.81192528986157	-0.0	-0.0	99.96926631184225
23.01163836891116	123.88397016201317	12.962446932095952	56.81192528986157	-0.0	-0.0	99.58409623110849
17.524274364076135	123.5122961064794	12.452431950618314	56.81192528986157	-0.0	-0.0	99.2037126289429
13.23597608319234	123.10279794248368	11.870962524871912	57.70087561110322	-0.0	473.96592416048503	98.82540936708581
10.48848101352472	122.72065248998862	11.25319075606272	62.06295054517237	-0.0	786.1994616630277	98.45273911063302
8.700744793297252	122.32455356192703	10.633474476039483	67.85082676263893	-0.0	928.3974808320402	98.0824363593821
8.044738987371826	121.9373885709338	10.054174556075234	74.2275780204586	-0.0	963.4338203497729	97.7177161313638
8.54831802525819	121.55015694164676	9.570739584481998	80.48318025258189	-0.0	903.0701117519344	97.35518995135602
9.12828834017708	121.16152621038168	9.209672614294213	86.2828834017708	-0.0	834.051870685908	96.99736209478702
9.662350958040628	120.78020705439477	8.964652856306857	91.62350958040628	-0.0	765.5359397095528	96.64098198018407
10.15080291988934	120.3923417330746	8.825400712832973	96.5080291988934	-0.0	697.4539157354766	96.28808973693415
10.593952547076958	120.01511989236599	8.775270629396005	100.93952547076958	-0.0	629.8695698963744	95.93597405914413
10.992163872878358	119.6293659569598	8.786360604341311	104.92163872878358	-0.0	562.8831054416916	95.5863524490614
11.345879114428548	119.25515514736772	8.824309575857395	108.45879114428547	-0.0	496.6298823732697	95.23716624718813
11.655646661508744	118.87225278708208	8.868617955277038	111.55646661508743	-0.0	431.29608119065466	94.88996285110136
11.922163167907607	118.50053601464191	8.913751825705386	114.22163167907607	-0.0	367.1451512907431	94.54327068282964
12.146339157415445	118.12081798355428	8.95877532364403	116.46339157415444	-0.0	304.5649894724922	94.19835835906095
12.32940748487504	117.75125782289187	9.0035524069778	118.29407484875038	-0.0	244.1514102991565	93.85410288837876
12.473109618496618	117.3749503080536	9.048065463228136	119.73109618496618	-0.0	186.86758449669628	93.51147736669847
12.580031208627897	117.00742803808185	9.092313696747402	120.80031208627896	-0.0	134.34598288593727	93.16963210632746
12.654206485510656	116.63451623767376	9.136298663101561	121.54206485510656	-0.0	89.38539486775437	92.82929415060433
12.702016677017232	116.26904574003382	9.180022231113902	122.02016677017231	-0.0	56.103422924980684	92.48983279016953
12.732389326972793	115.89944938146215	9.223486298174873	122.32389326972793	-0.0	37.04055944932529	92.15178232173807
12.753994104038325	115.53609140590916	9.266692752365037	122.53994104038324	-0.0	28.547551752680732	91.8146803174541
12.77026665633615	115.16971428871138	9.309643466525797	122.70266656336149	-0.0	36.52115968850251	91.47891494680867
12.786643979731771	114.80852020517477	9.352340298051192	122.8664397973177	-0.0	37.12172911266025	91.14415057257983
12.799969283774615	114.44526772435403	9.394785088516073	122.99969283774614	-0.0	45.10400926768093	90.81066508813495
12.817120509301132	114.08631310150805	9.43697966453861	123.17120509301131	-0.0	34.75161518330818	90.47821866253426
12.83381010342643	113.72607101349146	9.478925837593469	123.33810103426428	-0.0	24.228948959080313	90.1470065270516
12.847837148474278	113.36941671380276	9.520625404141745	123.47837148474278	-0.0	32.53382788213158	89.81685973238181
12.860250977962792	113.01210229057055	9.562080145287462	123.60250977962791	-0.0	47.39590234667288	89.48791289577001
12.877112690159317	112.65779403792043	9.603291827087423	123.77112690159316	-0.0	40.05491234439415	89.16004893167647
12.89476710565873	112.30331987927242	9.644262201714223	123.94767105658728	-0.0	22.891684635464625	88.83335809081079
12.907947093996164	111.95140576932204	9.684993006885936	124.07947093996162	-0.0	35.127623763803356	88.50776089189384
12.920731395831298	111.59970072738804	9.725485964824236	124.20731395831298	-0.0	46.76543324712526	88.18331618857763
12.939242491105972	111.25020764371459	9.765742783662233	124.3924249110597	-0.0	26.04128596166596	87.85997073729521
12.953361173079564	110.90120964948952	9.805765158879831	124.53361173079563	-0.0	29.638180547105208	87.53776123358413
12.96505729258413	110.55416069491373	9.845554770270926	124.65057292584129	-0.0	46.56525928382959	87.21665296184094
12.98360137441241	110.20781897061865	9.885113283320258	124.8360137441241	-0.0	23.060448570813968	86.89666739499063
12.996565333478282	109.8632250855986	9.92444235231897	124.96565333478281	-0.0	33.170227431260884	86.57778247171487
13.009535366533388	109.51949471596508	9.963543614954476	125.09535366533387	-0.0	42.15868302679493	86.26000915717553
13.027374351514062	109.17736134006938	10.00241869639743	125.27374351514061	-0.0	16.71632792900541	85.94333394426206
13.03775496185735	108.83620489886098	10.041069210201671	125.3775496185735	-0.0	43.102403143323635	85.62776083062474
13.054599558220723	108.49653245558129	10.079496752511597	125.54599558220723	-0.0	28.284961841051004	85.31328198354466
13.06864259971097	108.15791803151357	10.117702910830994	125.68642599710968	-0.0	27.076487065372074	84.99989685954142
13.080414705915464	107.82070258062372	10.155689256661153	125.80414705915463	-0.0	41.56523638671874	84.68760126967415
13.097898821874288	107.48460076999913	10.193457348549309	125.97898821874287	-0.0	13.782650610128153	84.37639182822473
13.107427160824251	107.1498345329349	10.231008735175843	126.07427160824251	-0.0	44.504504923002706	84.06626655128498
13.125149281033117	106.81621948038193	10.268344947118594	126.25149281033116	-0.0	18.49445335380664	83.7572203673942
13.136405918087364	106.48389228790455	10.305467508848844	126.36405918087364	-0.0	35.72007045245191	83.44925255556912
13.151132942991294	106.15274063015121	10.342377926133006	126.51132942991293	-0.0	29.49957874445443	83.14235714102344
13.16509636257536	105.82284110817872	10.37907769702983	126.65096362575359	-0.0	24.33261703791659	82.83653402404896
13.176678721917078	105.4941310462514	10.415568304813574	126.76678721917077	-0.0	37.812277961407915	82.53177686025539
13.192845045004468	105.16664628585781	10.451851220497987	126.92845045004466	-0.0	13.400317886325036	82.22808574543674
13.202366847938	104.84035756489874	10.487927905626616	127.02366847937999	-0.0	42.22759799841318	81.92545429892219
13.219640001891156	104.51527354497142	10.523799804856957	127.19640001891155	-0.0	5.788638777036505	81.623882554386
13.228479243156638	104.19138692533139	10.5594683577808	127.28479243156637	-0.0	42.638767024658456	81.32336429392518
13.245666766953162	103.86868886778412	10.594934984044846	127.45666766953161	-0.0	8.57492680424943	81.02389933640424
13.2550038259553	103.5471858559095	10.630201100644365	127.55003825955299	-0.0	39.316318889220895	80.72548174108712
13.271131656759739	103.2268584910646	10.665268103752803	127.71131656759738	-0.0	14.627122353764479	80.428111028655
13.281397310941449	102.90772119202511	10.700137387142977	127.81397310941448	-0.0	34.76772263246299	80.13178159225765
13.296201014215097	102.5897489214178	10.734810324752159	127.96201014215096	-0.0	19.67601158410674	79.8364926217255
13.307399576746722	102.27295995168377	10.769288286930628	128.0739957674672	-0.0	30.250455216911433	79.54223885845619
13.32098514559935	101.95732693367539	10.80357262615509	128.2098514559935	-0.0	23.43784206815632	79.24901916232851
13.33295890042413	101.64286930480581	10.83766468955846	128.32958900424129	-0.0	26.14890772653346	78.95682861163704
13.345545349163928	101.32955955618604	10.871565808611498	128.45545349163928	-0.0	26.024209172688025	78.66566575623493
13.358076839684854	101.0174165848798	10.905277307659622	128.58076839684853	-0.0	22.659530726224062	78.37552598612253
13.369909978641836	100.70641405381004	10.938800497442136	128.69909978641834	-0.0	27.591554942552975	78.08640757097345
13.382774066743275	100.39656929797391	10.972136680066876	128.82774066743275	-0.0	19.89571562404274	77.7983061804323
13.394087197658067	100.087857914852	11.005287145716945	128.94087197658067	-0.0	28.284365385720335	77.51121983820619
13.407073125847356	99.78029512777252	11.038253174871636	129.07073125847356	-0.0	17.957739631651954	77.22514445908378
13.418075554367702	99.47385884183356	11.071036037277782	129.180755543677	-0.0	28.20834154361906	76.94007785586429
13.430992292612027	99.16856193940461	11.103636992424374	129.30992292612027	-0.0	16.943865592939513	76.65601615433543
13.441871287448036	98.86438474529321	11.136057289707319	129.41871287448035	-0.0	27.412655091891537	76.37295699011199
13.45454361806007	98.56133778261461	11.168298168280353	129.5454361806007	-0.0	16.918779687417775	76.09089666788489
13.465470446506428	98.25940373960204	11.200360857246215	129.65470446506427	-0.0	25.887186981035708	75.80983267719459
13.477733205434559	97.95859089430677	11.232246576092448	129.77733205434558	-0.0	17.866529254938683	75.52976147253071
13.49093735872715	97.65888413990318	11.281241555921309	129.9093735872715	-0.0	54.70385285137641	75.2506785598135
13.579542898874406	97.36028986143788	11.724999812175696	130.79542898874405	-0.0	197.58694577921577	74.9721307342317
13.741733244448595	97.0627988290742	12.55892302416755	132.41733244448594	-0.0	278.0386242598307	74.69244937295025
13.938712595359968	96.76642759309777	13.492436003788068	134.38712595359968	-0.0	303.37761577363517	74.41038064310256
14.138004645933393	96.47117865873605	14.211294276764574	136.38004645933393	-0.0	285.10019786417666	74.12588643263797
14.313890550935021	96.17706759721176	14.498249137197005	138.1389055093502	-0.0	237.42743773926924	73.84010734174478
14.445252331578992	95.88408982447285	14.301696604200158	139.4525233157899	-0.0	161.99087877344047	73.55489277773364
14.509368528771617	95.59224522593139	13.736517840253986	140.09368528771617	-0.0	-0.0	73.27208827711942
14.509368528771617	95.30151636501927	13.091519725719815	140.09368528771617	-0.0	-0.0	72.99288341335036
14.509368528771617	95.01189202952044	12.242941028456567	140.09368528771617	-0.0	-0.0	72.71758347948625
14.509368528771617	94.72335260880968	11.17758169813999	140.09368528771617	-0.0	-0.0	72.44711140232506
14.509368528771617	94.43587941633557	10.138030999797282	140.09368528771617	-0.0	-0.0	72.18204015146208
14.534141499856707	94.149449069281	9.366759540128529	140.09368528771617	-0.0	-0.0	71.92196164483457
15.12831432237177	93.8640452850601	9.057728714821067	140.09368528771617	-0.0	-0.0	71.66559863249978
16.511893895892726	93.57965525332187	9.148557301008191	140.09368528771617	-0.0	-0.0	71.41077940677694
18.67811705524899	93.29627698799669	9.255624903891515	140.09368528771617	-0.0	-0.0	71.15671367041004
21.61639494432888	93.01390737458657	9.36112104647071	140.09368528771617	-0.0	-0.0	70.90316265033934
25.312364776154872	92.73254447565374	9.465072203740824	140.09368528771617	-0.0	-0.0	70.65006258249262
29.747960040555434	92.4521866836649	9.567504388348055	140.09368528771617	-0.0	-0.0	70.3963306503271
34.90149881624671	92.1728233514846	9.668443155364985	140.09368528771617	-0.0	-0.0	70.12632136118133
40.747789755640106	91.89447108505907	9.767913626878148	140.09368528771617	-0.0	-0.0	69.87682846429227
47.25825522430455	91.6171182351898	9.865940477720033	140.09368528771617	-0.0	-0.0	69.64780172410045
54.40107099315724	91.34076007385148	9.962547942487207	140.09368528771617	-0.0	-0.0	69.39959608937279
62.141321800544745	91.06538713347327	10.057759845676614	140.09368528771617	-0.0	-0.0	69.14401499405157
70.44117202380107	90.79101195246973	10.151599596882237	140.09368528771617	-0.0	-0.0	68.89489952567918
79.26005062601202	90.51762178260641	10.244090192733351	140.09368528771617	-0.0	-0.0	68.64646157351868
88.55484947393569	90.24522108916987	10.335254230352223	140.09368528771617	-0.0	-0.0	68.39861801414794
97.51414607838946	96.53771664753434	10.42511393148563	139.02995177203744	345.8505533893971	-0.0	68.30973221504388
104.35383919627115	98.62589978772071	10.513692387962136	135.01828410354054	837.6589864302948	-0.0	69.78386008277812
108.72252223338752	99.58931118948136	10.601018497533245	128.50518584673452	1057.7421013075466	-0.0	73.00912928833048
111.75930894957918	102.7009773471838	10.687127641444915	121.39339969053839	1053.3971811683543	-0.0	76.71895598012837
114.13345018472054	106.11202994664573	10.772056961238386	114.55310435151674	991.273917322636	-0.0	80.30366066014437
116.06325065419693	109.26394062555309	10.855842568209564	108.18879685110643	912.6420319648175	-0.0	83.62467051759774
117.69520382315932	112.11585309847035	10.938518828085153	102.3780616882925	826.7227248445504	-0.0	86.63101843533835
119.1471790218434	114.66141985351669	11.02011815711507	97.1464824338315	741.286380638429	-0.0	89.30266505151242
120.49162303640387	116.94148601528379	11.100670968827165	92.4724574357744	659.4632552972225	-0.0	91.64568705784711
121.76486935654265	118.94141405339086	11.18020573409769	88.30868316346123	588.1099171380246	-0.0	93.68652469643989
122.9628840055285	120.70082212046925	11.258749124968366	84.58765952543501	526.4053389924505	-0.0	95.46225334621279
124.07098537725726	122.21929275633896	11.336326203169534	81.24621600522103	476.2691949543784	-0.0	97.01159777268012
125.06830801545908	123.55846040562074	11.412960612503953	78.227681947943	430.0654975758894	-0.0	98.3674069399866
125.95475754431149	124.7100801796192	11.488674744570764	75.49594309626511	390.4778830802149	-0.0	99.55405021177985
126.73350825806705	125.71183286122782	11.563489866161772	73.02183695423622	353.7728594915182	-0.0	100.58874296206636
127.41212886719305	126.58593511548932	11.637426214500078	70.78255441099445	318.1332025798416	-0.0	101.48492557624407
127.99934826346004	127.32849357485915	11.71050307413707	68.75899686859285	286.67001823282493	-0.0	102.25470224035647
128.49930710201517	127.94618381316242	11.782738846027035	66.93247284613653	260.3029060238501	-0.0	102.90941168379354
128.91419512953365	128.45444193926014	11.854151111712993	65.28594871716875	237.31785817444467	-0.0	103.45911458385862
129.24658026890586	128.872088876133	11.924756690941267	63.804896193187226	214.1849565554839	-0.0	103.91222495093226
129.49868296301605	129.22127036761555	11.994571691405628	62.47663176848573	184.34490211709667	-0.0	104.27577766226216
129.6869096592201	129.44034735853373	12.063611551762845	61.29643694221288	173.792640333477	-0.0	104.55594625001945
129.80003680481025	129.6144113340773	12.131891080054034	60.24880199127006	150.79496067437861	-0.0	104.75825376369451
129.84389133581922	129.70363372407388	12.199424488854767	59.327269321789316	131.07844002277506	-0.0	104.88837029274562
129.84456167338777	129.60400002280886	12.26622543025166	58.53493257972329	171.66479602969451	-0.0	104.95114610950003
129.74647216737642	129.67798197322875	12.332307023068775	57.842009930321524	91.59720947217605	-0.0	104.94623122407204
129.60701043477965	129.55172232081065	12.397681869354994	57.26673645705939	82.29698634337917	-0.0	104.88127874974762
129.45737664505796	129.3315644466229	12.462362085196213	56.81685924895293	124.14505349910014	-0.0	104.75025958084164
129.2247291213564	129.17259695922175	12.52635929171413	56.459149711773634	79.91364002155808	-0.0	104.55733474062568
128.8809556189397	128.85629067885864	12.589684647626049	56.17974803517263	54.967764734712304	-0.0	104.32441521344572
128.42551747911455	128.41717188490506	12.65234893241776	55.99548936167034	31.973978336487686	-0.0	104.04642601777498
127.30301591871212	127.97622026467782	12.714362534993777	55.93984591650866	-0.0	-0.0	103.70004717236638
125.14624201422598	127.97758108037097	12.77573537439186	55.93984591650866	-0.0	-0.0	103.28892848848706
121.85827525163394	127.21377263550588	12.836476962621207	55.93984591650866	-0.0	-0.0	102.90419806171028
117.50332556322701	127.10736071500848	12.896596685014375	55.93984591650866	-0.0	-0.0	102.50006000611725
112.16643974078062	126.44458586886464	12.956103732642495	55.93984591650866	-0.0	-0.0	102.11405855015126
105.9518405766911	126.25548349882973	13.015007169602148	55.93984591650866	-0.0	-0.0	101.71610306779374
98.98089152149004	125.67060004063597	13.07331588477429	55.93984591650866	-0.0	-0.0	101.33007989041374
91.3897266054634	125.41982283075734	13.131038634378907	55.93984591650866	-0.0	-0.0	100.93722396399126
83.3265919090803	124.89381837134978	13.188184013791584	55.93984591650866	-0.0	-0.0	100.55208131635928
74.94895050003288	124.5983702026232	13.244760483524312	55.93984591650866	-0.0	-0.0	100.16353669621414
66.42040737389236	124.11614253892684	13.300776354326407	55.93984591650866	-0.0	-0.0	99.77991675380343
57.90751445049569	123.7892273037505	13.356239802307682	55.93984591650866	-0.0	-0.0	99.39512610100611
49.57651802053839	123.33915779611021	13.411158862546053	55.93984591650866	-0.0	-0.0	99.01347001144117
41.59011216072747	122.99087389324949	13.465541437326936	55.93984591650866	-0.0	-0.0	98.63204398288934
34.1042615192889	122.5641821179686	13.519395294980756	55.93984591650866	-0.0	-0.0	98.25265081857405
27.265155518906376	122.20205388390805	13.403890187562785	55.93984591650866	-0.0	-0.0	97.87440249360375
21.206353457749003	121.7922675327035	12.980253461335783	55.93984591650866	-0.0	-0.0	97.49865090091699
16.04617626124	121.42175886788834	12.444076898965513	55.93984591650866	-0.0	-0.0	97.12646048306686
12.295708795817902	121.02415963077799	11.84541419071462	57.85996715861074	-0.0	592.3124301399858	96.75774300609537
9.845437278090682	120.64914973218693	11.218301925342665	62.72835312630076	-0.0	835.6206589640699	96.39339269017597
8.339970606184785	120.26035113230908	10.598628035388808	68.74032219989728	-0.0	947.5959623363632	96.03261226915664
8.030792866268502	119.88357464412066	10.032116715201274	75.15222909318797	-0.0	954.0493344430397	95.67622736503563
8.62971084207834	119.50126732229893	9.573766061584623	81.2971084207834	-0.0	885.4652954835261	95.32296943109286
9.197997585046295	119.1244430633788	9.237206520499274	86.97997585046295	-0.0	816.6429243369632	94.97332133359185
9.720484839347048	118.74708251754967	9.014826138007761	92.20484839347047	-0.0	748.2772022935525	94.6258392545217
10.197465492323998	118.37140470916353	8.895387540574298	96.97465492323998	-0.0	680.3597466205149	94.2809534119028
10.62926204308242	117.99798011640569	8.860353589142658	101.2926204308242	-0.0	612.9663455310798	93.93740967292247
11.016259010508234	117.62416738133155	8.879506394769267	105.16259010508233	-0.0	546.2058458795342	93.59567230879051
11.358925672125316	117.25405377363116	8.919850634481532	108.58925672125315	-0.0	480.2256890382983	93.25483032419405
11.657847250016907	116.88261052187347	8.964673239127492	111.57847250016906	-0.0	415.2293712293166	92.91547369171184
11.913771782521401	116.51536654301984	9.00998211770404	114.137717825214	-0.0	351.5073807588862	92.57698645227346
12.12768465911077	116.14651222164103	9.05512721608981	116.2768465911077	-0.0	289.4904920632526	92.23990093726181
12.300931180722612	115.78197736726923	9.100014664537923	118.00931180722611	-0.0	229.8505633220919	91.90373019768617
12.435432838411245	115.41587791139054	9.144632769033729	119.35432838411245	-0.0	173.68127274883466	91.56890422644778
12.534073354638569	115.05385139982408	9.188981616062506	120.34073354638568	-0.0	122.8479010151941	91.2350357641536
12.601377411279614	114.69057637599533	9.233062927534046	121.01377411279613	-0.0	80.496235109174	90.9024599437065
12.644398094487276	114.33103032624008	9.276878640221215	121.44398094487275	-0.0	50.71518475624723	90.57087676200024
12.672389195823413	113.97054686671359	9.320430706631482	121.72389195823412	-0.0	34.23763225977296	90.24054447753716
12.687573951452208	113.61345748232057	9.363721067702555	121.87573951452207	-0.0	54.63881220139878	89.91123038662086
12.70449500173327	113.2557806192196	9.40675164680349	122.04495001733268	-0.0	51.208220556698826	89.58313189850493
12.72263706958055	112.90111584257491	9.449524352866334	122.22637069580549	-0.0	42.79912282899031	89.256072731493
12.740998564945166	112.54620807917098	9.492041078338998	122.40998564945166	-0.0	29.070436075792305	88.93019872661147
12.75682399073656	112.19397518032066	9.534303700058638	122.5682399073656	-0.0	28.61859894093207	88.60537927736283
12.76979636806443	111.84180318606329	9.576314078807076	122.69796368064429	-0.0	44.212967119233646	88.28172035520707
12.78508743824551	111.4920007697382	9.618074059376037	122.85087438245509	-0.0	46.66343373692584	87.95912626004053
12.803917729948964	111.14252000170708	9.659585471589262	123.03917729948964	-0.0	28.774622391641604	87.63767241366112
12.81922741964015	110.79516108354039	9.700850130561193	123.1922741964015	-0.0	28.910818183426873	87.31728954062415
12.831050324779417	110.44833117104419	9.741869835409979	123.31050324779416	-0.0	48.20579575883165	86.99803044679375
12.848940674225034	110.10341631118216	9.78264636947455	123.48940674225032	-0.0	36.02136085666093	86.67984526099484
12.865846612976732	109.75919861673478	9.823181503008417	123.65846612976732	-0.0	23.084408045528395	86.36277001720184
12.877163641490716	109.4167318578264	9.86347699088551	123.77163641490715	-0.0	45.69398745120816	86.04676923467652
12.894318105345542	109.07509259680421	9.90353457154015	123.94318105345542	-0.0	35.59175678001116	85.73186676182729
12.910899422748772	108.73507165098584	9.943355971512633	124.10899422748771	-0.0	22.702924151527174	85.41803750125241
12.921624736265674	108.39597768289164	9.982942902109887	124.21624736265673	-0.0	47.2543889051914	85.10529645038929
12.93994915681851	108.05839838870446	10.02229705826518	124.3994915681851	-0.0	28.029302323890498	84.79362594529476
12.954240811005654	107.72182186253654	10.061420124498982	124.54240811005653	-0.0	29.324367506694994	84.48303471367257
12.966259385419999	107.38667798101524	10.100313768564373	124.66259385419998	-0.0	44.58601946678112	84.17351041163327
12.98472881048776	107.05259231006337	10.138979644262191	124.84728810487758	-0.0	17.402951712260197	83.86505734246697
12.995491411493548	106.71987489441942	10.177419394632755	124.95491411493548	-0.0	42.09086741138836	83.55766684978263
13.012015973727705	106.38825575270884	10.215634644305824	125.12015973727704	-0.0	30.3147840136235	83.2513401627577
13.02660935233454	106.05795417489948	10.253627009013162	125.2660935233454	-0.0	26.16361672961787	82.9460711675333
13.03817205177676	105.72877876857831	10.291398088510686	125.38172051776759	-0.0	42.722367367594885	82.64185901043471
13.05601776716747	105.40088145000244	10.328949468730334	125.5601776716747	-0.0	14.266517816964619	82.3386992710099
13.065698765968468	105.07412879047678	10.366282725996545	125.65698765968467	-0.0	44.53341172366195	82.0365897350822
13.083416902857774	104.74862287231912	10.403399417775736	125.83416902857773	-0.0	20.401973619881815	81.73552708615372
13.095142493423133	104.4242730636549	10.440301095321571	125.95142493423131	-0.0	34.78355855087523	81.43550824119548
13.109542427137757	104.10114482934752	10.47698929100748	126.09542427137757	-0.0	31.700340416979454	81.13653057197277
13.12415635363452	103.77917861498786	10.513465528700502	126.2415635363452	-0.0	22.727059736961014	80.8385904774166
13.135298195169938	103.45841380004596	10.549731318006485	126.35298195169938	-0.0	39.912421139276404	80.54168572002706
13.15211125137902	103.13881273543247	10.585788154888537	126.5211125137902	-0.0	11.889220009253217	80.24581242564318
13.161390051871443	102.82039650953476	10.621637526787504	126.61390051871442	-0.0	43.48026031371083	79.95096855061358
13.179005542355062	102.50314279286985	10.65728090271655	126.79005542355061	-0.0	8.641098924848434	79.6571501060421
13.18820884515612	102.18706000647902	10.692719747405077	126.8820884515612	-0.0	41.71026183217692	79.36435511524472
13.205065097488607	101.87213632648407	10.727955504688687	127.05065097488605	-0.0	14.801052333042467	79.07257957784081
13.21540086887208	101.5583716434609	10.76298961553896	127.15400868872081	-0.0	36.150642841478	78.78182150246322
13.230547659094777	101.24576104818985	10.797823500492154	127.30547659094776	-0.0	21.620753638991307	78.49207694254653
13.242261407856446	100.934298981867	10.832458575950072	127.42261407856446	-0.0	29.936848209422656	78.20334384271088
13.255658760597107	100.62398482895642	10.86689624042592	127.55658760597106	-0.0	27.13159751861059	77.91561834672189
13.26863711837872	100.31480978374013	10.901137885627998	127.6863711837872	-0.0	23.785848210007508	77.62889831018249
13.280531535103144	100.00677569628606	10.935184888750701	127.80531535103142	-0.0	31.179704811619757	77.34317998406026
13.294503946611513	99.69987202465327	10.969038617119928	127.94503946611512	-0.0	17.968251085112605	77.0584611254816
13.305231645270878	99.39410183969974	11.002700426974352	128.05231645270877	-0.0	33.92603249380773	76.77473809720419
13.319891366232662	99.08945388387419	11.036171661802113	128.19891366232662	-0.0	12.428978914256811	76.49200855801308
13.329775541153223	98.7859316183805	11.069453657072883	128.29775541153222	-0.0	35.612967378008406	76.21026897956159
13.34484521397183	98.48352374051827	11.10254773308314	128.44845213971828	-0.0	6.470809795219178	75.92951692819331
13.354152428131934	98.1822335673013	11.135455204650631	128.54152428131934	-0.0	36.48281141820335	75.64974897719593
13.369409021234894	97.8820501711743	11.168177369546413	128.69409021234893	-0.0	-0.0	75.37096260959753
13.378341574140912	97.58297640101199	11.200715522043714	128.7834157414091	-0.0	36.74081532378323	75.09315449076401
13.393615766004865	97.28500194766615	11.23307093803491	128.93615766004865	-0.0	-0.0	74.81632203105336
13.402324225665465	96.98812901574155	11.265244891368148	129.02324225665464	-0.0	36.531973454523374	74.54046197744947
13.41748642062224	96.69234803484387	11.29723863667756	129.1748642062224	-0.0	-0.0	74.2655716786678
13.426090404186983	96.39766049053941	11.329053427514378	129.26090404186982	-0.0	35.92662943652401	73.99164795286174
13.448018920885671	96.1040575899911	11.433943871101818	129.4801892088567	-0.0	102.43511690654412	73.71866647083814
13.560014009952608	95.81154059912363	12.001319565194436	130.60014009952607	-0.0	224.17874415822956	73.44584899346839
13.734636265476908	95.52010736701968	12.898812738321723	132.34636265476908	-0.0	289.0939122116395	73.1714358433649
13.934744401953587	95.22977166600623	13.8151404286576	134.34744401953586	-0.0	302.3954803761803	72.89444089399741
14.129539874549435	94.94053971541977	14.44729848917582	136.29539874549434	-0.0	277.59399447594086	72.61515200893992
14.297202143120609	94.65242294451723	14.613679227478775	137.9720214312061	-0.0	220.35618027747614	72.33496197497408
14.416004914388427	94.36541770726295	14.305487993564451	139.16004914388427	-0.0	131.44212979456807	72.05578897922062
14.44997508169515	94.079519705306	13.677805908869031	139.4997508169515	-0.0	-0.0	71.77940441273556
14.44997508169515	93.79471234792197	12.998177544173375	139.4997508169515	-0.0	-0.0	71.50676833587866
14.44997508169515	93.51098252166052	12.06703493182928	139.4997508169515	-0.0	-0.0	71.23824399288719
14.44997508169515	93.22831068534828	10.976131511550692	139.4997508169515	-0.0	-0.0	70.97478487627403
14.44997508169515	92.94667652239406	9.974352370728777	139.4997508169515	-0.0	-0.0	70.71672415256901
14.548623774169018	92.6660579859675	9.298128641881322	139.4997508169515	-0.0	-0.0	70.46327638039688
15.337089923633988	92.38643951209745	9.12333170438	139.4997508169515	-0.0	-0.0	70.21326250811218
16.910168069971405	92.10781115911959	9.23188620485914	139.4997508169515	-0.0	-0.0	69.96439377186377
19.2601687477298	91.8301714502347	9.33883430019809	139.4997508169515	-0.0	-0.0	69.71614221369936
22.375604765974288	91.55351754545491	9.444206819461602	139.4997508169515	-0.0	-0.0	69.46850709041433
26.241247359570558	91.27784778431004	9.548030334706835	139.4997508169515	-0.0	-0.0	69.22172917913052
30.838200629900765	91.00316076104284	9.650330954003726	139.4997508169515	-0.0	-0.0	68.9757095900202
36.143993911132824	90.72945035862355	9.75113432859336	139.4997508169515	-0.0	-0.0	68.72595240396251
42.13269161054134	90.45672716865076	9.85046566892718	139.4997508169515	-0.0	-0.0	68.49592846709166
48.77501998596292	90.18497081518623	9.948349731412394	139.4997508169515	-0.0	-0.0	68.25178971103169
56.03851024067638	89.91418712607322	10.044810849181623	139.4997508169515	-0.0	-0.0	67.99531256694763
63.88765723623666	89.64437435765305	10.139872935914545	139.4997508169515	-0.0	-0.0	67.74863550668864
72.28409304744802	89.3755344266267	10.23355948113174	139.4997508169515	-0.0	-0.0	67.50512646544722
81.18677451111105	89.10765873234165	10.325893565669226	139.4997508169515	-0.0	-0.0	67.26222195384865
90.46834143814716	90.3481624931472	10.416897868507219	139.37382665457278	121.33392255464075	-0.0	67.02036806094911
98.81552065063441	96.59221207874994	10.506594801131511	137.44298476257606	521.876709631545	-0.0	67.2805436791412
104.69424013668204	97.36053143736795	10.59500905988996	132.38474065826193	947.8287375185328	-0.0	69.4693847061882
108.48209632552809	99.1952715567365	10.682172318027307	125.5124509651647	1066.6002222843242	-0.0	72.97735917164879
111.26046392654766	102.56270572476318	10.768121225172605	118.46916227549355	1032.2186685574907	-0.0	76.66844591538673
113.47370956607493	105.89244267418303	10.852892880723818	111.79510190362039	963.6935167659673	-0.0	80.1672106166447
115.29504154878241	108.93726436646459	10.93652299352892	105.6268440540284	882.51215562956	-0.0	83.38277295637603
116.86022720163353	111.68773054102816	11.01904543978918	100.02265082762425	796.009322133955	-0.0	86.27516209519716
118.27311443639111	114.14861156926385	11.100492118429944	94.99235920098364	710.8105241364183	-0.0	88.83350610387627
119.59702550181451	116.31696326790163	11.180892937162838	90.50710353092663	633.8829731538217	-0.0	91.07137133244761
120.84983458343552	118.228394347093	11.260275902987791	86.50840229230892	566.680182247411	-0.0	93.01927132989854
122.02068781839347	119.91964661610825	11.338667284356942	82.92805842719339	507.3239076565769	-0.0	94.71570809102096
123.09631251573917	121.37324631981389	11.41609180442942	79.70752558985157	459.42965620522074	-0.0	96.19805778217687
124.05989166573278	122.64602392082956	11.49257282681376	76.79546149704923	416.1715977221941	-0.0	97.4963830991798
124.91004551577645	123.76514851747758	11.568132508815703	74.1570050322336	374.49950906724905	-0.0	98.63235708558932
125.6582226924385	124.72185749226996	11.642791916876616	71.76913861766474	338.6808778491132	-0.0	99.62158483196944
126.31294341590764	125.53049782868011	11.716571114124097	69.6104602671639	309.5958404684601	-0.0	100.47683963404059
126.87222509384199	126.24811220299239	11.789489233749357	67.65729002920526	276.5028555532045	-0.0	101.20994536553968
127.34576022295558	126.8423382034597	11.861564546351806	65.89481032902721	248.3328359042443	-0.0	101.8318844828918
127.73684214984308	127.32403148823929	11.932814522150467	64.30728651552543	224.8762016009374	-0.0	102.3521776253717
128.04905084624195	127.70836560134279	12.003255886015236	62.881285330529515	204.28887023072855	-0.0	102.77872384762686
128.28451024174456	128.01766460104653	12.072904664759958	61.60460396936716	180.79986445102156	-0.0	103.1182138223795
128.44807677721388	128.2517543578886	12.141776228413208	60.46793458141441	155.07900040736996	-0.0	103.3766035263444
128.54752409444393	128.38585861785708	12.209885327420684	59.46462489808515	140.72675965106572	-0.0	103.55930969425192
128.59530673183957	128.46815466815866	12.277246126404266	58.591179641843794	124.80435810063477	-0.0	103.66809934301449
128.55568317269302	128.4648308169269	12.343872225379076	57.82514725382294	105.49603585608952	-0.0	103.71303116271962
128.44439566704253	128.3853771915723	12.409776708145385	57.16707168253961	85.0280144723053	-0.0	103.69984624523713
128.3347207401926	128.1523219573063	12.474972174780785	56.64148606432634	149.47859680761297	-0.0	103.61985690805524
128.1745704966301	128.0890357354777	12.539470712892882	56.222516481012335	102.36214261713674	-0.0	103.46555155358136
127.89449786402517	127.85635901482911	12.603283897182246	55.87896095304971	68.3520959921293	-0.0	103.26951633476224
127.51356469296303	127.48515585133649	12.666422906807496	55.61615703760409	58.992229142926604	-0.0	103.03667950431505
126.96989947674832	127.01227223635229	12.72889855673624	55.46624806338319	-0.0	-0.0	102.74753753252291
125.6458190027555	126.80262753108124	12.790721231525163	55.443390634497	-0.0	-0.0	102.38103531337953
123.22524076764853	126.49992937424112	12.851900811966887	55.443390634497	-0.0	-0.0	101.97370056031272
119.6983807510466	125.97581808332579	12.91244686050123	55.443390634497	-0.0	-0.0	101.59630331230413
115.13411417560768	125.70055616019113	12.972368831806207	55.443390634497	-0.0	-0.0	101.1944501938025
109.62157553353477	125.16858769433256	13.031675970249971	55.443390634497	-0.0	-0.0	100.8170282763851
103.26841789997161	124.89740287776782	13.090377408488267	55.443390634497	-0.0	-0.0	100.42055663546094
96.19871060132488	124.37476147808462	13.148482085778177	55.443390634497	-0.0	-0.0	100.04342905268052
88.55051629447034	124.09532355985424	13.205998824608818	55.443390634497	-0.0	-0.0	99.65195450669819
80.47319477348441	123.59041340342235	13.262936268969586	55.443390634497	-0.0	-0.0	99.27550639106582
72.12448615723179	123.29729698071522	13.319302942663287	55.443390634497	-0.0	-0.0	98.88861488327058
63.6674304195544	122.81316029082828	13.375107203894874	55.443390634497	-0.0	-0.0	98.51323157922504
55.26718341983468	122.50506675958744	13.430357288833898	55.443390634497	-0.0	-0.0	98.1305292372677
47.087791612925955	122.04165211979316	13.485061279111086	55.443390634497	-0.0	-0.0	97.75655916801301
39.28898842438406	121.71954528108611	13.539227133849964	55.443390634497	-0.0	-0.0	97.37769903574898
32.02307485383701	121.27516311659349	13.59286266708992	55.443390634497	-0.0	-0.0	97.0054386514974
25.431945224457927	120.9411191208436	13.380718970662938	55.443390634497	-0.0	-0.0	96.63033426555872
19.644316161988304	120.51341838825535	12.92139549969033	55.443390634497	-0.0	-0.0	96.26163446540981
14.780151691409193	120.16984575947137	12.364453183784494	55.46880338779376	-0.0	-0.0	95.893406452534
11.522606999716789	119.75626934551536	11.75330917698241	58.541326556271	-0.0	676.3860755298928	95.53149757592341
9.324286496197692	119.40557604711842	11.121820367957008	63.799270536135936	-0.0	875.1521690394295	95.17153881671273
8.098288414644724	119.00375880882027	10.507834667146625	69.98314454185875	-0.0	960.0701452434606	94.81723551305909
8.138433199673237	118.64805729871459	9.960967539185074	76.38433199673236	-0.0	937.9663188792568	94.46545393554801
8.741532778068716	118.25587948806127	9.530958667510415	82.41532778068715	-0.0	868.531398185089	94.11823138013493
9.298566314693108	117.89698942980638	9.221217097058489	87.98566314693107	-0.0	799.8623521560792	93.77316020099056
9.80989227027808	117.5126713117247	9.023484533729226	93.0989227027808	-0.0	731.631230951707	93.43124672179017
10.275806457738907	117.15208772358548	8.925279741327577	97.75806457738908	-0.0	663.8654422504687	93.09086232553851
10.696646193214695	116.77426755403138	8.90566240983054	101.96646193214694	-0.0	596.6500882379615	92.75251548847085
11.072816413642595	116.41317490736743	8.93215882450232	105.72816413642595	-0.0	530.1028580743606	92.41523055218128
11.404813783689876	116.04074468915027	8.974331058890865	109.04813783689876	-0.0	464.38336701820083	92.07935811780887
11.69326094176747	115.68001573933232	9.019422422680146	111.93260941767468	-0.0	399.71373518905085	91.74447839851933
11.938958836495692	115.31216938525107	9.064731241234089	114.38958836495691	-0.0	336.413844292029	91.41083302380672
12.142970752364922	114.95253116858756	9.109834910304361	116.42970752364921	-0.0	274.96270540966236	91.07824927586952
12.306762752742358	114.58862742555851	9.154673714036132	118.06762752742358	-0.0	216.11279497121924	90.74682586325353
12.43245000818753	114.23051819103203	9.199240883402513	119.3245000818753	-0.0	161.10658819795444	90.41650936662002
12.523242945581575	113.87017013405296	9.243537205552304	120.23242945581575	-0.0	112.0626372849663	90.08730741038801
12.584204938486996	113.51390154875162	9.287564520365063	120.84204938486995	-0.0	72.41581211921279	89.75923734378142
12.623013287080674	113.15680026621662	9.331324799877304	121.23013287080674	-0.0	46.04052232937927	89.43225279484052
12.648840337129185	112.80262744305585	9.374820019575749	121.48840337129184	-0.0	33.00212758054952	89.10640977012052
12.666747788968816	112.44851946422003	9.418052140460723	121.66747788968816	-0.0	40.77314824522673	88.78163736023129
12.684500775606907	112.09658960176888	9.46102310754816	121.84500775606905	-0.0	32.982221655837215	88.45800624380188
12.70131969117137	111.74533322250403	9.503734850604797	122.0131969117137	-0.0	26.132326004165453	88.13543632386168
12.714618576870418	111.39575448611026	9.546189282286855	122.14618576870417	-0.0	41.880918049871724	87.8140025502461
12.729124394416289	111.04722032829366	9.588388298788056	122.29124394416287	-0.0	49.12379288050877	87.493625974013
12.748228974616005	110.70005071753793	9.630333780702742	122.48228974616005	-0.0	33.0921370149841	87.17437673552563
12.764881178562655	110.35416390141735	9.672027593573851	122.64881178562655	-0.0	26.275498366606094	86.85618206152
12.777366832323068	110.00944895593987	9.713471586671103	122.77366832323067	-0.0	44.75554101875591	86.5391049402843
12.793343798695773	109.66613542371151	9.754667592887571	122.93343798695771	-0.0	43.98472903858212	86.22308117806999
12.81209789825219	109.32389136372954	9.795617430840831	123.12097898252189	-0.0	24.077977680810296	85.90816437229424
12.825567390210837	108.98310925383137	9.836322904369808	123.25567390210837	-0.0	36.56534253878084	85.5942995215058
12.838987750362904	108.64334817538668	9.876785800578805	123.38987750362902	-0.0	46.99897916259667	85.28153122884788
12.858117974580622	108.3050597767982	9.91700789208449	123.58117974580621	-0.0	24.511045585141897	84.96981348339514
12.871653991055954	107.96777449869964	9.956990938296133	123.71653991055953	-0.0	34.78629086755476	84.65918231114996
12.884823523753788	107.63195059399693	9.996736681603977	123.84823523753786	-0.0	45.571826976177256	84.34959968137116
12.903704489688062	107.29713425179735	10.036246850395028	124.03704489688062	-0.0	21.047956876554583	84.04109406886641
12.915797537545522	106.96375439351927	10.075523160614852	124.15797537545522	-0.0	39.36116550712161	83.73363447026388
12.930845659921928	106.63139479998813	10.114567310479035	124.30845659921928	-0.0	39.177647461161	83.42724293696355
12.94817209716097	106.30043868984613	10.153380986455906	124.4817209716097	-0.0	19.877616201405644	83.12189439181766
12.958534672731	105.97051937745736	10.191965861251463	124.58534672731	-0.0	46.64131059985986	82.81760549315453
12.97682171686168	105.64196906812336	10.23032359025427	124.7682171686168	-0.0	25.642473958255753	82.5143560223728
12.990242438346899	105.3144735267791	10.268455819860113	124.90242438346898	-0.0	31.794677817442913	82.21215822462952
13.003217302082959	104.98831316801154	10.30636417884135	125.03217302082957	-0.0	40.898748590661036	81.91099587309027
13.020726502117363	104.66322427683988	10.34405028362888	125.20726502117363	-0.0	16.677822652447404	81.6108776446787
13.030584358541882	104.33943880588731	10.381515739163671	125.30584358541881	-0.0	45.766666629824094	81.3117904968471
13.048776202378534	104.01673882440463	10.418762132235255	125.48776202378532	-0.0	20.485584107665282	81.01374028550116
13.060576570407939	103.69531292147992	10.4557910426839	125.60576570407939	-0.0	35.757365082943416	80.71671648922138
13.075162985495309	103.37498399005885	10.492604031328693	125.75162985495308	-0.0	33.06330666835996	80.42072272099874
13.090274532690898	103.05590272212937	10.529202650046122	125.90274532690898	-0.0	22.2324746457963	80.12575044455812
13.101172717587186	102.73792691907879	10.565588436540208	126.01172717587185	-0.0	41.96037437861799	79.83180153939043
13.118644951309511	102.42117544215371	10.601762913925967	126.1864495130951	-0.0	11.8550159509025	79.53886898891471
13.12792844070417	102.10553524759129	10.637727597338852	126.2792844070417	-0.0	44.25841761485003	79.24695334868285
13.145694202040644	101.79109867165312	10.673483982479008	126.45694202040644	-0.0	14.125902935643865	78.956048767572
13.155903044685935	101.4777768612381	10.70903356079087	126.55903044685934	-0.0	38.786101398474074	78.66615479032465
13.171781439654612	101.165640210389	10.744377803067694	126.71781439654612	-0.0	22.737197815915614	78.37726645535484
13.18388563379761	100.85461968703719	10.779518175422746	126.8388563379761	-0.0	30.596876250369814	78.08938254521273
13.197308996149102	100.5447679959056	10.814456125879975	126.97308996149101	-0.0	30.423858031560147	77.80249876068642
13.211311282651637	100.23603190936802	10.849193094423702	127.11311282651637	-0.0	21.94328761415024	77.51661332597786
13.22259057081035	99.92845011774857	10.883730507450757	127.2259057081035	-0.0	36.018108360397626	77.2317224268891
13.238066974723097	99.62198186947387	10.918069778951287	127.38066974723095	-0.0	13.42995500911521	76.94782388366643
13.24780950994166	99.31665484839742	10.952212314104944	127.4780950994166	-0.0	39.48478107344414	76.66491423371707
13.264191313089151	99.01243807328372	10.98615950156905	127.64191313089151	-0.0	3.716249557668897	76.38299100942562
13.273027876594751	98.70935065990237	11.0199127253251	127.7302787659475	-0.0	41.09117215905565	76.10205099967567
13.289776399707046	98.40736920465159	11.053473349600509	127.89776399707046	-0.0	-0.0	75.8220915363237
13.298219229284058	98.1065062255484	11.086842737050052	127.98219229284057	-0.0	41.231403553317286	75.54310958470495
13.31491810621703	97.80674412764117	11.120022228414646	128.1491810621703	-0.0	-0.0	75.26510234154075
13.323305177207423	97.50809041519547	11.153013164910456	128.23305177207422	-0.0	40.36771087643515	74.98806689281022
13.33969501811758	97.21053188500456	11.185816864647345	128.39695018117578	-0.0	-0.0	74.71200034857347
13.348189596884456	96.91407229042083	11.218434647403404	128.48189596884455	-0.0	38.98759519487574	74.43689987449297
13.364163816384352	96.61870169675312	11.250867809359175	128.6416381638435	-0.0	-0.0	74.16276252934084
13.372780049628046	96.3244211015481	11.283117649010629	128.72780049628045	-0.0	37.58766438376749	73.88958552898914
13.388360692322436	96.03122295961022	11.31518544113512	128.88360692322436	-0.0	-0.0	73.6173659061974
13.397011771305978	95.73910628591922	11.347072463260474	128.97011771305978	-0.0	36.56967443614495	73.34610090638179
13.412314237248985	95.44806524714197	11.379110028183408	129.12314237248984	-0.0	-0.0	73.07578732359084
13.45045020428049	95.15809747555593	11.573243978017837	129.5045020428049	-0.0	134.96309978152945	72.80634662397766
13.580959478430735	94.86919946448232	12.25071411295172	130.80959478430734	-0.0	244.83290034877783	72.53661216299815
13.764774823485155	94.58137627674222	13.18811883984671	132.64774823485155	-0.0	296.11920419332967	72.26491607148151
13.966034120159359	94.29463810837214	14.062643544079405	134.66034120159358	-0.0	297.7956390094974	71.9905459764373
14.155687700214921	94.00899484006273	14.591581528658327	136.5568770021492	-0.0	264.21400587955054	71.71412011587181
14.312824412115042	93.72445315705785	14.633772344818011	138.1282441211504	-0.0	201.02366461363482	71.4372198171017
14.412444384672781	93.44101023809317	14.223183537933973	139.12444384672781	-0.0	102.44141945336662	71.16181542034688
14.42789990719426	93.15865783753367	13.553971343765685	139.2789990719426	-0.0	-0.0	70.88953653389584
14.42789990719426	92.8773801754245	12.873026373521252	139.2789990719426	-0.0	-0.0	70.62099510903221
14.42789990719426	92.5971633858636	11.87152444029184	139.2789990719426	-0.0	-0.0	70.35674068224571
14.42789990719426	92.31798732403533	10.770645502029177	139.2789990719426	-0.0	-0.0	70.09774326494443
14.42789990719426	92.03983093071729	9.822398840282082	139.2789990719426	-0.0	-0.0	69.84409045373246
14.649466948669565	91.76267308725097	9.253774056371768	139.2789990719426	-0.0	-0.0	69.59482663392843
15.632980832319278	91.48649976801526	9.20057434051367	139.2789990719426	-0.0	-0.0	69.34836704909307
17.398257557049824	91.21130300334627	9.308428682665532	139.2789990719426	-0.0	-0.0	69.10283405875612
19.936668159056268	90.93708226976126	9.414688788537877	139.2789990719426	-0.0	-0.0	68.8577415829724
23.235804468616607	90.66383384223958	9.519381686382664	139.2789990719426	-0.0	-0.0	68.61328478246952
27.279539763272044	90.39155797926558	9.62253381551224	139.2789990719426	-0.0	-0.0	68.37005884205612
32.04810759790639	90.12025099132808	9.724171153914247	139.2789990719426	-0.0	-0.0	68.12984375203092
37.51819842639016	89.84991359573031	9.82431922647847	139.2789990719426	-0.0	-0.0	67.89601827587238
43.663073542486906	89.58054498596869	9.923003112537355	139.2789990719426	-0.0	-0.0	67.6717857751728
50.45269578305965	89.31212318809806	10.02024744044142	139.2789990719426	-0.0	-0.0	67.40664879036792
57.8538763546789	89.04467000705728	10.116076435516586	139.2789990719426	-0.0	-0.0	67.15885975845441
65.83043706591921	88.77817477885559	10.210513883141079	139.2789990719426	-0.0	-0.0	66.91588409431125
74.34338717232623	88.51263866212588	10.303583156282986	139.2789990719426	-0.0	-0.0	66.67553866238619
83.35111396960711	88.24805488974881	10.395307220271016	139.2789990719426	-0.0	-0.0	66.43577937827584
92.5010090819329	92.17722709211452	10.485708641357844	138.82767989363435	199.15645546341764	-0.0	66.22090135149564
100.15938585846787	96.36375170352511	10.574810043497544	135.95983678949884	681.8835560273383	-0.0	66.99889222355323
105.25174062441619	96.86160310954516	10.662638015670503	130.11026683826177	1013.8006932191854	-0.0	69.75217365328012
108.64437537066419	99.4294366871551	10.749226325010822	123.07447034338969	1062.4641117373628	-0.0	73.39829829021234
111.23101560324147	102.86545135857783	10.834612125206528	116.12562012064386	1012.3149806119125	-0.0	77.04646690556923
113.314493847759	106.11513012584196	10.918832170456808	109.60121012483228	939.1070524358962	-0.0	80.46465705737175
115.04944920689218	109.07149006387326	11.001921627163995	103.60442617307861	855.7452862971655	-0.0	83.58526903359007
116.56383301301665	111.72571975396563	11.08391377303219	98.17910943801832	769.8499037044489	-0.0	86.37735546643711
117.94680292125719	114.1060485630992	11.164839895173072	93.32022832093465	685.9244921085369	-0.0	88.8375543119919
119.25090872927147	116.19393136906636	11.244729309450875	88.99135366522579	611.9474868198463	-0.0	90.98543319228843
120.48254321170648	118.0376031183444	11.323609475482774	85.12844128986491	547.2706473371786	-0.0	92.85467589813197
121.62766441388503	119.66208238795775	11.401506171848148	81.66457020820344	490.6972571515876	-0.0	94.48424703361798
122.67212842085331	121.06184271971384	11.478443690392798	78.54366314178856	444.1396158749923	-0.0	95.90976326002614
123.60310367008293	122.28889553874609	11.554445013979366	75.71920060959373	401.23620984248544	-0.0	97.15873429797331
124.42758155617281	123.33356426197773	11.629531958236763	73.16260574296464	366.0834857500372	-0.0	98.25070934901314
125.14740741190283	124.25799689367904	11.703725277304477	70.846534564026	330.0799728587229	-0.0	99.20010963904068
125.77555369920653	125.03948276222413	11.777044745834448	68.75312443596293	300.28101801536525	-0.0	100.01932897231598
126.31040371662979	125.72655589839265	11.849509230006793	66.85975794483825	267.43477285882324	-0.0	100.71997275430341
126.76425857360496	126.271279400758	11.921136753425898	65.15355746990744	245.7436645648314	-0.0	101.31264552092851
127.12983945808546	126.74926409487416	11.991944557375724	63.61439864620821	215.91776673859735	-0.0	101.8063701699507
127.42045765675677	127.11844011296006	12.06194915348112	62.23410217661306	192.34642995152464	-0.0	102.20863380669256
127.64161323284002	127.38192405334561	12.131166368961567	61.00236621784136	178.35897647178896	-0.0	102.52586845000937
127.78884692160294	127.5906040954266	12.19961138652051	59.90611902188362	155.83563843550576	-0.0	102.76383377942618
127.86063322936728	127.70887650522292	12.267298780694961	58.93523798619468	136.34587895380065	-0.0	102.9293395516299
127.89287914536833	127.78358315256924	12.334242556917113	58.0966428869316	115.70980562548957	-0.0	103.02184971790939
127.84969880462909	127.7638440084157	12.40045616218664	57.367983368745556	102.55346184375921	-0.0	103.0483719702032
127.76483808068993	127.47688015544769	12.465952522144287	56.757265393044406	187.81598931447306	-0.0	103.01876490915626
127.61838272174876	127.47038591300097	12.530744086945385	56.251234133325994	134.64623675247836	-0.0	102.92008703755123
127.42818746230739	127.34539742608497	12.594842796113776	55.8530792708183	100.70640216613062	-0.0	102.75670283869084
127.10967716503777	127.10357896442048	12.6582601102451	55.52569959920266	27.33184178971039	-0.0	102.55531883575631
126.72360028327816	126.72280210271693	12.721007112126387	55.29124847582646	9.888231325725608	-0.0	102.31084748802498
126.06579744758619	126.15983206111437	12.783094499816858	55.18649849721472	-0.0	-0.0	102.00499375388696
124.51510994333533	126.30746588430573	12.844532510972432	55.18649849721472	-0.0	-0.0	101.6068108776965
121.82642928252807	125.45519343210192	12.905330869073392	55.18649849721472	-0.0	-0.0	101.22420096099694
118.0522620796309	125.41590983041259	12.965499125808181	55.18649849721472	-0.0	-0.0	100.83155417364557
113.26631316138054	124.72602889576922	13.025046656251552	55.18649849721472	-0.0	-0.0	100.4476218583218
107.56204620249517	124.55698704145212	13.083982684800825	55.18649849721472	-0.0	-0.0	100.06082270500961
101.05085849548284	123.98024041079309	13.14231627695441	55.18649849721472	-0.0	-0.0	99.67725422215828
93.8599054990157	123.72362234599288	13.200056344372015	55.18649849721472	-0.0	-0.0	99.29494208676046
86.12961764878531	123.22406908009636	13.25721165154614	55.18649849721472	-0.0	-0.0	98.9128140223266
78.01095792443607	122.91025142615284	13.313790809956963	55.18649849721472	-0.0	-0.0	98.53410931000273
69.66247372891756	122.46223682847395	13.369802292140037	55.18649849721472	-0.0	-0.0	98.15409802277533
61.24720065341172	122.11268580259912	13.425254420865262	55.18649849721472	-0.0	-0.0	97.7784510661304
52.92947859348428	121.69831171824924	13.480155385980659	55.18649849721472	-0.0	-0.0	97.40095901319327
44.871742393781105	121.327802266812	13.534513232173818	55.18649849721472	-0.0	-0.0	97.02804473919996
37.23134969601789	120.93485873397549	13.58833587591109	55.18649849721472	-0.0	-0.0	96.65329368199986
30.157507938475582	120.55333187740005	13.64623188208107	55.18649849721472	-0.0	-0.0	96.28293010744541
23.788360518908757	120.1737258883663	13.321779337685625	55.18649849721472	-0.0	-0.0	95.91141816069198
18.248289024507997	119.7876397214219	12.828903978010265	55.18649849721472	-0.0	-0.0	95.54559752027411
13.75312310533638	119.41616358955783	12.252491635146944	55.61368807854545	-0.0	365.02985981238083	95.18092545708771
10.856434524015654	119.02955758896694	11.630787246185177	59.53903358117798	-0.0	742.4667031522004	94.82236864608099
8.894749525379247	118.6629635717786	10.997676179815992	65.11227098191763	-0.0	907.0436068323361	94.46580247009507
7.958883946422398	118.27821686531445	10.393152357258282	71.4225674057243	-0.0	965.9465583660411	94.11501484694683
8.277123440656375	117.91460560784363	9.870555553610213	77.77123440656374	-0.0	921.0927089690681	93.76641402540731
8.869076051136616	117.53302215871337	9.469416521609682	83.69076051136616	-0.0	851.9539489199963	93.422593070386
9.41508325442983	117.17134714315807	9.186850207438008	89.1508325442983	-0.0	783.4105786166518	93.08040307882479
9.915462974986053	116.79354476680683	9.013858635360085	94.15462974986052	-0.0	715.3012725313725	92.74166227125114
10.370517923819817	116.43333035091369	8.936443119448139	98.70517923819816	-0.0	647.6757545982277	92.40392078617504
10.780600584688022	116.05952020578431	8.930912781282462	102.80600584688021	-0.0	580.6273483341549	92.06854069539291
11.14613654419437	115.70064857500874	8.963230502006041	106.4613654419437	-0.0	514.2828587441456	91.73376462635453
11.46765039180823	115.33083463228515	9.0066395968666	109.67650391808229	-0.0	448.814859755199	91.40074732412351
11.745803501328519	114.9733153683822	9.051853904792187	112.45803501328518	-0.0	384.4652562286318	91.06835697515368
11.981452459973383	114.60734882795678	9.09710438041738	114.81452459973383	-0.0	321.5854728995553	90.73751279347417
12.175743754651561	114.25136101855428	9.142122840684674	116.7574375465156	-0.0	260.7072702081856	90.40742402192743
12.330273056291357	113.88900470559204	9.186872320604529	118.30273056291357	-0.0	202.6775238931183	90.0787534497426
12.447370591383986	113.53474265230531	9.231349336895644	119.47370591383986	-0.0	148.90200819483948	89.7509346761199
12.530608610408855	113.17581339764118	9.275555153555432	120.30608610408854	-0.0	101.78299794029559	89.42444054920188
12.585617654391712	112.82340009699529	9.319491682797638	120.8561765439171	-0.0	65.07345261728084	89.0988690202052
12.620638557504291	112.46770798685964	9.363160912223446	121.2063855750429	-0.0	42.24981490910456	88.77455091851057
12.644723830536352	112.11730576633613	9.406564825346399	121.44723830536351	-0.0	31.499937762515206	88.45120436876066
12.661447814498402	111.76470786026165	9.449705390433543	121.614478144984	-0.0	42.89904598949775	88.12905889349406
12.67757061224748	111.41638371255502	9.492584559423783	121.7757061224748	-0.0	43.20316897854188	87.80792007397476
12.695825371268013	111.06676989605185	9.535204268101703	121.95825371268012	-0.0	30.32614573194411	87.48794086607718
12.712054974127712	110.72061422900926	9.57756643593876	122.12054974127712	-0.0	28.172669674670914	87.16899279563142
12.725627937765651	110.3738642905343	9.619672966039442	122.25627937765651	-0.0	42.0758374366379	86.85117354335458
12.740046526334702	110.02994747125743	9.661525745196888	122.400465263347	-0.0	49.61876909336435	86.534400345023
12.758856516891258	109.68596539088438	9.703126644431201	122.58856516891258	-0.0	35.666220879752586	86.21873284467829
12.77607558189164	109.34434549861562	9.744477519763748	122.7607558189164	-0.0	25.24996197299274	85.90412010001074
12.789036570784361	109.00304560297333	9.785580211198749	122.8903657078436	-0.0	41.631450933336275	85.59059553261741
12.803710544398895	108.66376288749946	9.826436542452164	123.03710544398893	-0.0	46.841908047354615	85.27812926535306
12.822786001559056	108.32508161144652	9.867048322560061	123.22786001559055	-0.0	26.784611014860495	84.9667377628389
12.837291186558181	107.98816171694912	9.907417346325403	123.3729118655818	-0.0	32.15334189612325	84.65640505176279
12.849535622407114	107.65204184341877	9.947545392038725	123.49535622407113	-0.0	48.641293921326465	84.34713644613676
12.86860764293045	107.31750000065635	9.987434222765101	123.68607642930449	-0.0	28.24001486979842	84.038924600328
12.883321032028874	106.98389945286563	10.027085589063761	123.83321032028873	-0.0	30.129867838416992	83.73176802716229
12.895244365410713	106.65174378109154	10.066501224797303	123.95244365410713	-0.0	47.599128677838145	83.42566474813026
12.914325436010417	106.32062436316602	10.105682848844417	124.14325436010417	-0.0	23.75520549880417	83.12060928743338
12.9274397703919	105.99085388229595	10.14463216861256	124.27439770391898	-0.0	35.025742615131364	82.81660261671088
12.941007632096262	105.66218374131796	10.183350873914089	124.41007632096262	-0.0	42.62403649782805	82.51363707831034
12.959173101177363	105.33479498632428	10.22184064176602	124.59173101177363	-0.0	18.353242112142492	82.21171510889923
12.969796387884378	105.00854750619172	10.26010313688336	124.69796387884377	-0.0	44.393475042811446	81.9108281236017
12.987111093095042	104.68353334677258	10.29814000585782	124.87111093095041	-0.0	29.56797361300377	81.61097908801207
13.001616371992226	104.35968471437876	10.335952886271796	125.01616371992225	-0.0	27.712025792420526	81.31215924052991
13.013457782300494	104.03703499305506	10.373543399110423	125.13457782300493	-0.0	43.40615654448382	81.01437148141792
13.031581217978847	103.71556304145962	10.410913151554448	125.31581217978847	-0.0	15.551764683131571	80.71760731240691
13.041588953798756	103.39526552103897	10.448063740852401	125.41588953798755	-0.0	44.305275978158	80.42186922905559
13.059149368089688	103.0761502356547	10.484996745211804	125.59149368089687	-0.0	23.79488030664743	80.12714923247677
13.071818756702664	102.75819172859907	10.521713736077452	125.71818756702663	-0.0	32.376092256605666	79.83344924909697
13.08534514805922	102.44141444401836	10.558216266631122	125.8534514805922	-0.0	36.04051600082874	79.54076189821824
13.101276333147881	102.12578100638923	10.594505879809265	126.01276333147881	-0.0	18.897213882909792	79.24908847227445
13.111498005594932	101.81132401889828	10.63058410609876	126.1149800559493	-0.0	43.43196979845121	78.95842223391993
13.129322152705319	101.49800095985034	10.66645245978066	126.29322152705318	-0.0	11.222467252591287	78.66876385012128
13.138675395283578	101.18584722099347	10.702112448631482	126.38675395283578	-0.0	43.464630268296254	78.38010720001938
13.156103046312351	100.87481938503466	10.737565560097003	126.5610304631235	-0.0	16.78075659816969	78.09245236321412
13.166879240486548	100.56495227080724	10.772813277776716	126.66879240486547	-0.0	36.48048511486222	77.80579378759244
13.182025606843988	100.25620426007961	10.80785706493504	126.82025606843987	-0.0	25.527290868682094	77.52013102018404
13.194808287115764	99.94860754055706	10.842698379394069	126.94808287115764	-0.0	27.87851034014458	77.2354590156259
13.20749154322141	99.64212380078591	10.877338662142419	127.0749154322141	-0.0	32.70971364786466	76.95177685815197
13.222107979944902	99.33678155278001	10.911779344725714	127.22107979944902	-0.0	19.091943577474414	76.66907993735047
13.232788990951693	99.0325464715699	10.946021846746838	127.32788990951693	-0.0	37.67402207498051	76.38736694566532
13.248724135918836	98.7294429960242	10.980067573812653	127.48724135918836	-0.0	10.463637807920895	76.10663363999869
13.258070628843747	98.42744096502075	11.013917924380543	127.58070628843745	-0.0	40.49414867106518	75.82687838627297
13.27472328438103	98.12656073141065	11.04757427891221	127.7472328438103	-0.0	-0.0	75.54809724764654
13.283369823765987	97.82677617891171	11.081038014634933	127.83369823765987	-0.0	41.4842449731984	75.2702883216643
13.300206620908236	97.52810378995392	11.114310487840129	128.00206620908236	-0.0	-0.0	74.99344792384973
13.308636829785318	97.23052120192686	11.147393054345743	128.08636829785317	-0.0	41.07244867473736	74.71757393424794
13.325270280340082	96.93404137229697	11.180287047241924	128.2527028034008	-0.0	-0.0	74.44266287395007
13.333778134365012	96.63864530780786	11.212993800815273	128.3377813436501	-0.0	39.748457166507194	74.16871244939172
13.34998950496271	96.34434285097521	11.245514625800796	128.4998950496271	-0.0	-0.0	73.895719347206
13.358684812326562	96.05111795366041	11.277850834976253	128.5868481232656	-0.0	38.05865714551723	73.6236811375363
13.374416152685402	95.75897777330445	11.310003717384744	128.74416152685401	-0.0	-0.0	73.35259463885947
13.383246599464636	95.46790877929419	11.341974564500356	128.83246599464636	-0.0	36.63215424467186	73.08245731627008
13.398582128882465	95.17791586363931	11.373764644133852	128.98582128882464	-0.0	-0.0	72.81326609217574
13.40754381483704	94.8889876077012	11.405375499882096	129.07543814837038	-0.0	35.0667674914171	72.54501846519265
13.45779088435327	94.60112705989596	11.722055524272005	129.5779088435327	-0.0	178.97133820795142	72.27749439487782
13.60944772278915	94.31432681209688	12.493334238508737	131.0944772278915	-0.0	265.7047645105898	72.00924335054744
13.802423104204491	94.02859901198859	13.447705438905638	133.0242310420449	-0.0	303.68321251345026	71.7386453019804
14.004502666397878	93.74394941779116	14.259689307444084	135.04502666397877	-0.0	295.3656773502712	71.46545080099168
14.189279949720405	93.46039213321663	14.674220714388237	136.89279949720404	-0.0	253.37116442713864	71.19049730387448
14.333776469911152	93.177927442243	14.593313616402867	138.33776469911152	-0.0	187.6390822289444	70.91554446140094
14.430003375910736	92.89655493820379	14.092437717815192	139.30003375910735	-0.0	41.56828135917268	70.64254828023044
14.436302218345006	92.61626085080623	13.430433871979124	139.36302218345006	-0.0	-0.0	70.37295447611193
14.436302218345006	92.33703224091073	12.655424335980358	139.36302218345006	-0.0	-0.0	70.10716369576106
14.436302218345006	92.05885192498465	11.604923536922714	139.36302218345006	-0.0	-0.0	69.84595132967104
14.436302218345006	91.78170078843017	10.517672903852636	139.36302218345006	-0.0	-0.0	69.59010662988572
14.436302218345006	91.50555601673874	9.644281345545092	139.36302218345006	-0.0	-0.0	69.33945817045168
