6.006905089133244	69.65057405512994	6.298920854179731	124.78672192172594	0.00021391609945702348	48.669399559715686	57.073561442297354
6.365638783380937	69.31422136190105	6.315459127663596	124.98487945675205	0.00021391609945702348	8.691657103725408e-5	56.75564165246604
7.427926314347706	68.97980469470403	6.349812916937197	124.98487860867507	0.00021391609945702348	8.691657103725408e-5	56.42341601600603
9.192033096480655	68.64734558107683	6.383965612071353	124.9848777605981	0.00021391609945702348	8.691657103725408e-5	56.09313510721203
11.639491474628352	68.31683256221498	6.417918390197796	124.98487691252112	0.00021391609945702348	8.691657103725408e-5	55.76478754235771
14.75366455203608	67.98825424638981	6.451672421557744	124.98487606444412	0.00021391609945702348	8.691657103725408e-5	55.43836200435311
18.50998762472403	67.66159930855557	6.48522886954226	124.98487521636713	0.00021391609945702348	8.691657103725408e-5	55.113847242354225
22.883682019743972	67.33685648995925	6.518588890732336	124.98487436829015	0.00021391609945702348	8.691657103725408e-5	54.791232071375475
27.842647829505886	67.01401459775242	6.551753634938762	124.98487352021317	0.00021391609945702348	8.691657103725408e-5	54.4705053719041
33.3559343181165	66.69306250460556	6.584724245241756	124.9848726721362	0.00021391609945702348	8.691657103725408e-5	54.15165608951684
39.38979506588406	66.37398914832445	6.61750185803036	124.98487182405923	0.00021391609945702348	8.691657103725408e-5	53.834673234499064
45.90724121005654	66.05678353146894	6.650087603041607	124.98487097598223	0.00021391609945702348	8.691657103725408e-5	53.519545881465945
52.868766339442566	65.74143472097383	6.682482603399467	124.98487012790527	0.00021391609945702348	8.691657103725408e-5	53.206263168985785
60.233245838374756	65.42793184777209	6.714687975653551	124.98486927982827	0.00021391609945702348	8.691657103725408e-5	52.89481429920577
67.91418551106162	65.2020712827584	6.746710324474122	124.8878458812675	82.18545440980972	8.691657103725408e-5	52.66248734980551
75.33118820781347	65.99278999702328	6.778833808943142	123.64097540498888	282.9819387275951	8.691657103725408e-5	53.34590647574774
82.2558873475899	67.82291279807141	6.811668992822921	121.21174961712691	437.36303990117835	8.691657103725408e-5	54.965084509232774
88.63325989768488	70.43189636254468	6.845710819221715	117.88913809888543	551.5566455260796	8.691657103725408e-5	57.28485184083139
94.43313617566552	73.59618567098768	6.881321724588022	113.92177122131545	631.4229173302512	8.691657103725408e-5	60.103481032792374
99.64822295387829	77.12697332312112	6.918751327162738	109.52025554608278	682.4622847872007	8.691657103725408e-5	63.25065044680924
104.28843549902834	80.86743558442673	6.958154738985385	104.86009566075832	709.7274449036996	8.691657103725408e-5	66.58493769859568
108.37963291170834	84.69046348994046	6.999609493193839	100.08407183123482	717.8537936057082	8.691657103725408e-5	69.99176035742924
111.95507331934796	88.4949827667818	7.04313086613665	95.30622994603316	710.9120096905041	8.691657103725408e-5	73.38004675733784
115.05999978337815	92.20353739413797	7.088685401225075	90.614463331148	692.6202471654742	8.691657103725408e-5	76.68004684046193
117.73417204176988	95.75858200646844	7.136202982979979	86.07456951991063	665.9271455309664	8.691657103725408e-5	79.83998110224171
120.02191497843253	99.1194063847441	7.185586764310564	81.7336163778227	633.4095260881479	8.691657103725408e-5	82.82326091930935
121.96464039259014	102.25897446557555	7.236721580606087	77.62342146723238	597.1415664919698	8.691657103725408e-5	85.60563322970211
123.60446157284889	105.16185258016023	7.289480800790317	73.76281777572517	558.8671139366394	8.691657103725408e-5	88.17330790934214
124.9719504445445	107.82087086622192	7.34373185874987	70.16136547492033	519.7298589558483	8.691657103725408e-5	90.5199450517765
126.09965787410874	110.23544961920844	7.3993401781458426	66.82119997068988	480.7337582460823	8.691657103725408e-5	92.64514364059683
127.01340372175355	112.40975249358726	7.456172330266546	63.73908404931406	442.53506046626256	8.691657103725408e-5	94.55277492191048
127.73607557012984	114.35123993668479	7.514098178791105	60.90801890484372	405.601254565619	8.691657103725408e-5	96.24967725936361
128.28551341734823	116.06934809818178	7.5729923514980255	58.318720782575994	370.18700261778196	8.691657103725408e-5	97.74446463665195
128.67688521039648	117.574807153792	7.632735088958879	55.96038193766706	336.4267825401458	8.691657103725408e-5	99.04691177011988
128.9237989910994	118.87876885557522	7.693212681399629	53.82165169780376	304.39502735589485	8.691657103725408e-5	100.16716772448247
129.03715279374228	119.99237571655392	7.754317607834043	51.89112175411925	274.084328618445	8.691657103725408e-5	101.11536766551336
129.02464011325685	120.92659452350117	7.815948473513562	50.157514979794165	245.3954956659399	8.691657103725408e-5	101.9014829279167
128.89227022432385	121.69152034761615	7.878009711751213	48.61047517793007	218.20471648266843	8.691657103725408e-5	102.53469426654493
128.64731719917918	122.29676458301314	7.940411172335737	47.24013312550172	192.441163132921	8.691657103725408e-5	103.02374181142102
128.2948871410811	122.75126673383073	8.003067833277932	46.03732242471372	167.98867195365798	8.691657103725408e-5	103.3767557662637
127.84080196751468	123.06325853802488	8.065899404590857	44.99362440153215	144.7742180821247	8.691657103725408e-5	103.60122444453506
127.2834179500188	123.23994230507033	8.128829924116467	44.10173602998912	122.52973976269156	8.691657103725408e-5	103.70370484770606
126.62820174327608	123.28776141594845	8.191787123173096	43.35517124507393	101.22563922872689	8.691657103725408e-5	103.69006693042815
125.8798519260413	123.21289203873457	8.254702230135885	42.747707464734965	80.81714104627606	8.691657103725408e-5	103.56593676450319
125.0343469232294	123.02032101717866	8.317509622078244	42.27443140772719	61.03126282639826	8.691657103725408e-5	103.33586612171197
124.09627466096089	122.71459703070117	8.380146232075523	41.930896802476646	41.86919386303277	8.691657103725408e-5	103.00400972849148
122.60995224763937	122.27091154297456	8.44254709337848	41.745851929275226	10.274135511671679	8.691657103725408e-5	102.5480760807171
120.25124731231067	121.67411983349045	8.504622510036894	41.73739697774969	0.00018567185047123293	8.691657103725408e-5	101.95450209320131
116.80331151740499	121.07338041391988	8.56633489218075	41.73739631828205	0.00018567185047123293	8.691657103725408e-5	101.35769866823334
112.3251392851719	120.47615750405483	8.627686032873035	41.73739565881441	0.00018567185047123293	8.691657103725408e-5	100.76438871277628
106.90550855327172	119.88243051953026	8.688678046689436	41.73739499934677	0.00018567185047123293	8.691657103725408e-5	100.17455177733399
100.65151300392088	119.29217899647493	8.749313035827631	41.737394339879124	0.00018567185047123293	8.691657103725408e-5	99.5881675321146
93.69001906779764	118.70538259080524	8.80959309017985	41.737393680411486	0.00018567185047123293	8.691657103725408e-5	99.00521576632909
86.15459733378874	118.12202107752462	8.869520287404825	41.73739302094384	0.00018567185047123293	8.691657103725408e-5	98.42567638749522
78.19370928920412	117.54207435002623	8.929096692999446	41.737392361476196	0.00018567185047123293	8.691657103725408e-5	97.84952942074476
69.95912818162986	116.96552241939997	8.98832436036993	41.73739170200856	0.00018567185047123293	8.691657103725408e-5	97.27675500813507
61.60963378271355	116.39234541374343	9.047205330902612	41.73739104254092	0.00018567185047123293	8.691657103725408e-5	96.70733340796461
53.30286674438846	115.82252357747724	9.105741634034286	41.737390383073276	0.00018567185047123293	8.691657103725408e-5	96.14124499409269
45.19612366770482	115.25603727066387	9.163935287322174	41.73738972360564	0.00018567185047123293	8.691657103725408e-5	95.57847025526274
37.439858320590545	114.69286696833082	9.221788296513447	41.737389064138	0.00018567185047123293	8.691657103725408e-5	95.01898979443001
30.177476781261344	114.13299325979771	9.279302655614362	41.737388404670355	0.00018567185047123293	8.691657103725408e-5	94.46278432809305
23.54011950743907	113.57639684800718	9.336480346958995	41.73738774520272	0.00018567185047123293	8.691657103725408e-5	93.90983468562892
17.649755991849	113.0230585488598	9.393323341277556	41.73738708573507	0.00018567185047123293	8.691657103725408e-5	93.36012180863258
12.607226144966967	112.47295929055277	9.449833597764338	41.73738642626743	0.00018567185047123293	8.691657103725408e-5	92.81362675025979
8.521391649050992	111.92607379874111	9.492711307951982	41.88371221995056	0.00018567185047123293	161.8867452769807	92.28230855026041
5.68830812099373	111.38179437539114	9.304407204208625	44.570093109512996	0.00018567185047123293	602.683315995964	91.96161006412838
3.898462202046378	110.83881284612494	8.914079352800544	49.47726860307263	0.00018567185047123293	835.9363272525095	91.82408422822016
3.1524391189557592	110.29636553041237	8.438702687883032	55.3193773839205	0.00018567185047123293	881.0440636146939	91.76366021849488
3.4304281257267935	109.75430715753456	7.99317062600866	60.83275602589053	0.00018567185047123293	760.4572188404592	91.67669957795123
3.756944791764057	109.21296578108921	7.623414267444935	65.51179172547477	0.00018567185047123293	644.4117147402948	91.52211848076054
4.032368053519106	108.67271157319209	7.317981306936556	69.48204154599067	0.00018567185047123293	547.6023443630563	91.31056780743735
4.265899417095286	108.13385109127255	7.066198306473361	72.8605668956549	0.00018567185047123293	466.7166170231606	91.05193944576496
4.462007217262605	107.59663722045529	6.859057099222827	75.7461718494343	0.00018567185047123293	399.5084491201848	90.75457668579492
4.6285206657322835	107.06127763199277	6.689047029322381	78.22123895330184	0.00018567185047123293	343.42119605849757	90.42543297537865
4.77093627323289	106.52794264380654	6.549974187731451	80.35370874745252	0.00018567185047123293	296.5064545432413	90.07024185231982
4.892210197239675	105.99677202836517	6.436798563311611	82.1988634115195	0.00018567185047123293	257.4315298054705	89.69366978833646
4.998056818097509	105.46787968811805	6.345140216062953	83.80475357573401	0.00018567185047123293	224.51403512105506	89.29976529013963
5.0864296036814665	104.94135806752345	6.2713624067375005	85.21127890958587	0.00018567185047123293	197.48893596948668	88.89188798268995
5.16558446075799	104.41728107546659	6.212482690935215	86.45116278443525	0.00018567185047123293	174.48317382301843	88.47279133741559
5.231197688502031	103.89570832046931	6.166005051909472	87.55179402686537	0.00018567185047123293	155.8013626947209	88.0447777194232
5.288975274653551	103.37668585338392	6.129632984115988	88.53838216040019	0.00018567185047123293	140.1097537038871	87.60995753988095
5.341337197488119	102.86024946001262	6.101799218465476	89.42812670706539	0.00018567185047123293	126.74380562304037	87.16977499238475
5.386168883579003	102.34642696085815	6.081060801143299	90.23686872165388	0.00018567185047123293	115.81545505419682	86.72555509884214
5.4277038489065905	101.83523857360143	6.066170743393137	90.97830223450578	0.00018567185047123293	106.41128454123846	86.27843948667406
5.465594118465433	101.32669922711503	6.056332106706998	91.66117669958291	0.00018567185047123293	98.45646683374177	85.8291595679351
5.4978023164962035	100.82081898176102	6.0505104732771535	92.29685934456124	0.00018567185047123293	92.11816159030617	85.37865631394936
5.527437910440142	100.31760286902885	6.047952625164025	92.89362988119301	0.00018567185047123293	86.75258791412821	84.92761283231059
5.555420075857859	99.81705265104362	6.048147734397752	93.45710542594531	0.00018567185047123293	82.12141188346305	84.47649091589712
5.5819526054154265	99.31916767084623	6.050684761261963	93.99180815806204	0.00018567185047123293	78.12216143457056	84.02566027890468
5.606697035236983	98.82394521393462	6.055188670478274	94.50186653299274	0.00018567185047123293	74.74874133369633	83.5754563454561
5.6296364996786545	98.33138057839065	6.061285809279148	94.99139604434781	0.00018567185047123293	71.94168706023002	83.12621150370398
5.651676376659552	97.8414673098764	6.068695170479337	95.46349506456681	0.00018567185047123293	69.50326776344536	82.67817309855586
5.6730789360623985	97.35419776483559	6.077223718089389	95.9202956267524	0.00018567185047123293	67.35759913131285	82.23150815022174
5.693591100629573	96.86956337684917	6.086692576115228	96.36377504689281	0.00018567185047123293	65.51704804109033	81.78637009075123
5.713095672885811	96.38755465398482	6.096917427507828	96.79597153841092	0.00018567185047123293	63.970427897150714	81.34291642024948
5.73180232059845	95.90816122817768	6.107738897749296	97.21864993691685	0.00018567185047123293	62.656231651955615	80.90128137876424
5.7497976668671	95.43137203476937	6.119030416596972	97.6332150181438	0.00018567185047123293	61.53892708179329	80.46156902538046
5.766948351782153	94.95717542830482	6.130673694419148	98.0409811274048	0.00018567185047123293	60.621025899646995	80.02387543593295
5.783160618908163	94.48555919136706	6.142549059384267	98.44327846052816	0.00018567185047123293	59.89820887283196	79.58829741620063
5.798485653988381	94.01651055588626	6.154546659780498	98.84132981426295	0.00018567185047123293	59.3436364255007	79.15492242892402
5.813047523227694	93.55001628869671	6.166576491133193	99.23614019130747	0.00018567185047123293	58.921630111064395	78.72381963744454
5.8269731434432925	93.08606280600947	6.1785696802239976	99.62848254674519	0.00018567185047123293	58.599558256932255	78.2950388520589
5.840367282820837	92.62463627971545	6.190475207811966	100.0189337179898	0.00018567185047123293	58.35145629200291	77.86861357829135
5.853310558163057	92.16572272260645	6.2022558553760145	100.40791891431842	0.00018567185047123293	58.15768499564111	77.44456474525256
5.8658638930043	91.70930805295207	6.2138847474819965	100.79574967786208	0.00018567185047123293	58.003611206430804	77.02290387880178
5.878073466440859	91.25537814254396	6.225342704154666	101.18265295322388	0.00018567185047123293	57.878341745782485	76.60363553008037
5.8899747057631116	90.80391885233253	6.236616282241313	101.56879259220969	0.00018567185047123293	57.77373153984822	76.18675907215416
5.901595239047751	90.3549160589304	6.247696338190696	101.95428513331085	0.00018567185047123293	57.68365198397233	75.77227001868434
5.9129570235203035	89.90835567440871	6.258576971648524	102.33921139978425	0.00018567185047123293	57.60346014818484	75.36016099347758
5.924077873794662	89.46422366115311	6.269254745026818	102.72362506760184	0.00018567185047123293	57.529613998840674	74.95042244696056
5.934972563324844	89.02250604305652	6.279728103536384	103.10755903244575	0.00018567185047123293	57.45939216207152	74.54304318875681
5.945653622722249	88.58318891398265	6.289996941632689	103.49103016923988	0.00018567185047123293	57.39068861188793	74.1380107859008
5.956131921168188	88.1462584441828	6.300062277017962	103.8740429108757	0.00018567185047123293	57.32186143511024	73.73531186231061
5.96641709099983	87.71170088516892	6.309926004040185	104.25659195531695	0.00018567185047123293	57.25162096687385	73.33493232534113
5.976517837659816	87.2795025734159	6.319590705902643	104.63866432711082	0.00018567185047123293	57.17894683395252	72.93685753830016
5.986442164966367	86.84964993316824	6.3290595105126535	105.02024095988055	0.00018567185047123293	57.10302638452914	72.5410724528428
5.996197537229516	86.42212947855731	6.3383359787107345	105.40129792341202	0.00018567185047123293	57.02320904035105	72.14756171157342
6.005790993872153	85.99692781517997	6.3474240164774045	105.78180738759504	0.00018567185047123293	56.93897256102332	71.7563097285608
6.01522922809557	85.57403164125326	6.356327804820898	106.1617383923538	0.00018567185047123293	56.84989824770271	71.3673007535426
6.024518638221811	85.15342774842556	6.365051742618255	106.54105747547817	0.00018567185047123293	56.75565285955536	70.98051892415066
6.0336653582901425	84.73510302230724	6.373600398863639	106.91972919729264	0.00018567185047123293	56.655975555730855	70.5959483094086
6.04267527303721	84.3190444427636	6.381978471678564	107.29771659121278	0.00018567185047123293	56.55066856704052	70.21357294692339
6.0515540213768	83.90523908400195	6.39019075213564	107.67498156158561	0.00018567185047123293	56.43959058662129	69.83337687555517
6.060306991790708	83.4936741144761	6.398242091495371	108.05148524419278	0.00018567185047123293	56.32265207759193	69.45534416484743
6.068939312553034	83.0843367966239	6.406137370893788	108.42718833998316	0.00018567185047123293	56.199811850273775	69.07945894209914
6.077455839361964	82.6772144864506	6.413881472875004	108.80205142868563	0.00018567185047123293	56.07107437898807	68.7057054176356
6.085861142686261	82.27229463296707	6.421479254455694	109.17603526573443	0.00018567185047123293	55.936487421720045	68.33406790856876
6.094159496898433	81.86956477749231	6.428935521648907	109.54910106329555	0.00018567185047123293	55.79613958522712	67.96453086112012
6.102354873020277	81.46901255282816	6.4362550055693335	109.92121075404137	0.00018567185047123293	55.65015755165755	67.59707887140429
6.110450936615318	81.07062568231625	6.443442340392229	110.29232723466798	0.00018567185047123293	55.49870275629984	67.231696704436
6.118451052001963	80.67439197878899	6.450502043542341	110.66241458500255	0.00018567185047123293	55.34196738354432	66.86836931103296
6.126358293518241	80.28029934342767	6.457438498544814	111.03143825793363	0.00018567185047123293	55.180169631243544	66.50708184223677
6.134175464047655	79.88833576454324	6.464255940973727	111.39936523535499	0.00018567185047123293	55.01354828115975	66.1478196608734
6.1419051204376585	79.49848931629879	6.470958447883769	111.76616414586077	0.00018567185047123293	54.84235670116637	65.7905683499234
6.149549604847406	79.11074815739195	6.47754993100888	112.13180534104926	0.00018567185047123293	54.66685648706026	65.4353137174622
6.157111080504437	78.72510052971889	6.484034133863702	112.4962609289168	0.00018567185047123293	54.48731102002538	65.0820417980677
6.164591569891739	78.34153475704008	6.490414632700764	112.85950476483616	0.00018567185047123293	54.30397926165212	64.73073885075611
6.1719929930839115	77.96003924366859	6.496694841074427	113.22151240283566	0.00018567185047123293	54.11711012523357	64.38139135368841
6.179317203844709	77.58060247319682	6.5028780175602945	113.5822610121242	0.00018567185047123293	53.92693774607864	64.03398599606892
6.186566021204205	77.20321300727974	6.508967275996194	113.94172926581561	0.00018567185047123293	53.733677925479405	63.68850966782299
6.193741254540137	76.8278594844828	6.514965597466223	114.29989721040583	0.00018567185047123293	53.5375259478289	63.34494944776265
6.200844720656636	76.45453061920256	6.520875843156399	114.65674612558057	0.00018567185047123293	53.338655876775036	63.00329259103256
6.2078782519297135	76.08321520066193	6.526700767177332	115.01225838430122	0.00018567185047123293	53.137221334750876	62.663526516652766
6.2148436952117585	75.71390209197625	6.532443028477693	115.36641732281207	0.00018567185047123293	52.93335767113676	62.32563879594463
6.221742901801544	75.34658022928403	6.538105201057639	115.71920712927486	0.00018567185047123293	52.72718533616341	61.98961714254628
6.228577709351473	74.98123862092996	6.5436897818255435	116.07061275826803	0.00018567185047123293	52.5188142058261	61.65544940459855
6.23534991707771	74.61786634668688	6.549199195613465	116.42061987649556	0.00018567185047123293	52.30834854944005	61.323123559525584
6.242061256057111	74.25645255700036	6.554635797066131	116.76921484286204	0.00018567185047123293	52.09589229498417	60.992627711652425
6.248713356743745	73.8969864722385	6.560001869334968	117.11638472368571	0.00018567185047123293	51.88155422535142	60.66395009270585
6.2553077161236095	73.53945738193102	6.56529961973498	117.46211734133306	0.00018567185047123293	51.665452728709354	60.33707906504144
6.285219581082063	73.1838547092669	6.570727122675875	117.80424582909365	0.00018567185047123293	47.58472572578303	60.01182665458648
6.841526167081147	72.83020509529051	6.595471107450033	117.93168606037122	0.00018567185047123293	0.00021362273576242924	59.670931520577
8.132788164015597	72.47861067046537	6.6315894268502245	117.93168624702155	0.00018567185047123293	0.00021362273576242924	59.32164076001362
10.149385370073253	72.12907435103668	6.66749632269605	117.93168643367186	0.00018567185047123293	0.00021362273576242924	58.97439462012669
12.875262328325785	71.78158408960634	6.703193032583866	117.93168662032218	0.00018567185047123293	0.00021362273576242924	58.629181132452665
16.288922416100167	71.43612790929731	6.738680786865582	117.9316868069725	0.00018567185047123293	0.00021362273576242924	58.28598839858714
20.3653391341637	71.0926939033408	6.773960808691085	117.93168699362282	0.00018567185047123293	0.00021362273576242924	57.94480458977452
25.077317088940855	70.75127023466601	6.809034314050377	117.93168718027313	0.00018567185047123293	0.00021362273576242924	57.605617946500566
30.39026016580101	70.41184513549186	6.843902511815511	117.93168736692346	0.00018567185047123293	0.00021362273576242924	57.268416778086795
36.27333551004291	70.07440690692162	6.878566603782243	117.93168755357378	0.00018567185047123293	0.00021362273576242924	56.93318946228772
42.68852167461909	69.73894391853973	6.913027784711446	117.9316877402241	0.00018567185047123293	0.00021362273576242924	56.599924444890334
49.5971452988622	69.40544460801077	6.9472872423703	117.93168792687443	0.00018567185047123293	0.00021362273576242924	56.26861023931573
56.95826031045147	69.07389748068107	6.981346157573229	117.93168811352474	0.00018567185047123293	0.00021362273576242924	55.939235426223284
64.72752703200929	68.74429110918234	7.015205704222615	117.93168830017505	0.00018567185047123293	0.00021362273576242924	55.61178865311688
72.7584892177674	68.61345776723982	7.048885911580994	117.70904769562792	125.60718677530632	0.00021362273576242924	55.46357824834133
80.4181291637585	69.64445196736716	7.082775052134561	116.1712437033948	326.47523968026746	0.00021362273576242924	56.361871094804215
87.543438007889	71.71046087566806	7.117505404227132	113.45461976399646	479.7873589478313	0.00021362273576242924	58.19185177607299
94.08268528283044	74.54509655165245	7.1535677694296185	109.85479543290673	592.0483164919841	0.00021362273576242924	60.713088992993626
100.01164458778716	77.92072603357938	7.1913177256056064	105.6250846003934	669.4219474928865	0.00021362273576242924	63.720187664841355
105.32668540921713	81.6458276424449	7.2309961979684605	100.97925658638401	717.6019236312037	0.00021362273576242924	67.04038868871763
110.0439647150777	85.5623523714038	7.2727485415473625	96.0943078632925	741.867213840345	0.00021362273576242924	70.53117462149241
114.19190803835261	89.54253854711045	7.3166420503030904	91.11386888843097	746.9507637666562	0.00021362273576242924	74.07738423135811
117.80946746040253	93.48565686464052	7.362681653314683	86.15170955649448	737.0853426914999	0.00021362273576242924	77.58826595614953
120.9451068445868	97.31547898102394	7.410824031770367	81.29444440196869	716.0495023218284	0.00021362273576242924	80.9951846389673
123.63926731151277	100.97552702775536	7.460989846808894	76.6067661437384	686.7801817216628	0.00021362273576242924	84.24733079364559
125.94081896708698	104.426338437261	7.513073646177759	72.13442745793955	651.9541285722268	0.00021362273576242924	87.30924755953457
127.89056738328595	107.6425198656771	7.566952489134743	67.90747517130252	613.5773706262531	0.00021362273576242924	90.15816880769596
129.531575628218	110.60966557023707	7.622492697412259	63.94365823409707	573.3913870011645	0.00021362273576242924	92.78123682236487
130.89723271239333	113.32209290320233	7.679555326589599	60.25092642689562	532.5801673408628	0.00021362273576242924	95.17345727622786
132.0185738596528	115.78045971154626	7.738000205217123	56.830078268564236	492.0642382170917	0.00021362273576242924	97.33554910480116
132.9226004033064	117.98987470364204	7.797688885795153	53.67686384113765	452.5070125067224	0.00021362273576242924	99.27223947553789
133.6315241271327	119.95858801806132	7.85848671372433	50.783441688622915	414.3315703675406	0.00021362273576242924	100.99108225615961
134.16383232487922	121.6968268685007	7.9202642135475765	48.139679289570715	377.78821725563466	0.00021362273576242924	102.50140779725523
134.53446642577788	123.21595304913575	7.982897913434852	45.734096006693086	342.98542696059116	0.00021362273576242924	103.81356318531628
134.75707055191515	124.52757942409231	8.046270699238118	43.554857559156254	309.9847527539467	0.00021362273576242924	104.93811596833726
134.8410636911787	125.64319934514056	8.110271875578608	41.59019410862635	278.7233351241081	0.00021362273576242924	105.88552024284871
134.79557975309976	126.57402801124333	8.17479701744288	39.82858115542325	249.13810469436044	0.00021362273576242924	106.66597386828879
134.62771510672061	127.33048954847949	8.239747681671627	38.25932231183014	221.12822034238079	0.00021362273576242924	107.28895663676393
134.3440922057797	127.92259213053077	8.305031066107045	36.87212916532259	194.5910844941337	0.00021362273576242924	107.76356852650794
133.9486986514814	128.35951911000052	8.370559678239248	35.65758694506755	169.36925013752673	0.00021362273576242924	108.09816165023547
133.44595605626336	128.64943246022693	8.436250801035058	34.607382508557805	145.34937300284568	0.00021362273576242924	108.30016365692971
132.83804350813955	128.7997230208857	8.502026030808176	33.71402664750911	122.3735212215541	0.00021362273576242924	108.3763035946645
132.1292312799733	128.81706687693253	8.567810828198063	32.97079531888744	100.36879139691648	0.00021362273576242924	108.33266310696807
131.32051209493807	128.70744627097565	8.633534173758417	32.37170980245478	79.18398597029771	0.00021362273576242924	108.17469558307872
130.41296762120217	128.47589201666057	8.699128099158163	31.911832930433597	58.69943386663667	0.00021362273576242924	107.90699452027255
129.36200171195543	128.1263496473288	8.76452730235447	31.587424572619156	37.44417508133254	0.00021362273576242924	107.53317328376076
127.59860587982044	127.61068965789084	8.829658844969645	31.453673391917135	0.00016970031175982827	0.00021362273576242924	107.00993766929848
124.85629295587408	126.98016229839523	8.894431174326467	31.45367368522214	0.00016970031175982827	0.00021362273576242924	106.38354155321522
120.9765906244342	126.35332581587778	8.95882434995735	31.45367397852714	0.00016970031175982827	0.00021362273576242924	105.76081213145996
116.03949253246546	125.7301586052912	9.022840591289881	31.453674271832142	0.00016970031175982827	0.00021362273576242924	105.14172794054184
110.14716350546996	125.11063918805623	9.086482104759927	31.453674565137145	0.00016970031175982827	0.00021362273576242924	104.5262676426094
103.41451320262419	124.49474621132157	9.149751083887672	31.453674858442145	0.00016970031175982827	0.00021362273576242924	103.91441002471534
95.97580817335195	123.88245844722759	9.212649709353235	31.45367515174714	0.00016970031175982827	0.00021362273576242924	103.30613399808513
87.97538596755555	123.27375479217476	9.275180149071845	31.45367544505214	0.00016970031175982827	0.00021362273576242924	102.70141859739013
79.57046585901546	122.66861426609644	9.337344558268526	31.453675738357145	0.00016970031175982827	0.00021362273576242924	102.10024298002526
70.9203325538951	122.06701601173557	9.399145079552417	31.453676031662148	0.00016970031175982827	0.00021362273576242924	101.50258642539035
62.19163969425357	121.46893929392586	9.460583842990596	31.45367632496715	0.00016970031175982827	0.00021362273576242924	100.90842833417602
53.5487235449864	120.87436349887714	9.521662966181507	31.453676618272148	0.00016970031175982827	0.00021362273576242924	100.31774822765382
45.155168353771906	120.28326813346489	9.58238455432795	31.45367691157715	0.00016970031175982827	0.00021362273576242924	99.73052574697032
37.16611306864268	119.6956328245238	9.642750700309625	31.453677204882155	0.00016970031175982827	0.00021362273576242924	99.14674065244529
29.728842081674426	119.11143731814565	9.702763484755291	31.453677498187158	0.00016970031175982827	0.00021362273576242924	98.56637282287429
22.97751522162221	118.53066147898132	9.762424976114444	31.45367779149216	0.00016970031175982827	0.00021362273576242924	97.98940225483508
17.034977492780907	117.95328528954643	9.821737230728665	31.45367808479716	0.00016970031175982827	0.00021362273576242924	97.41580906199805
12.003234785522025	117.37928884953189	9.880702292902432	31.45367837810216	0.00016970031175982827	0.00021362273576242924	96.84557347444103
8.042759788736642	116.80860577586513	9.88922692710144	32.00477927515644	0.00016970031175982827	307.7447599214258	96.32376472861607
5.377969905384742	116.2403011269737	9.627667438650132	35.52411790136818	0.00016970031175982827	708.283159071524	96.04741773722857
3.7659704524121187	115.6730943798694	9.186978723812075	41.012637388814625	0.00016970031175982827	903.5016154272851	95.93343752797976
3.2979705952656095	115.10634945396511	8.687471443487032	47.147639238661874	0.00016970031175982827	898.2503782308634	95.87286307250298
3.672111045420244	114.54007019419937	8.24236599209252	52.68369476753682	0.00016970031175982827	761.7093946393383	95.76369747937578
3.998228510128486	113.97464495251116	7.874223249009647	57.37219546455613	0.00016970031175982827	645.9993600074861	95.58596549865022
4.2734626768697925	113.4104427613637	7.570198235913473	61.35401908461068	0.00016970031175982827	549.4561633679058	95.35157164454996
4.507037500022458	112.84776851328522	7.319672484176524	64.74562425404577	0.00016970031175982827	468.77273421963673	95.07035678298102
4.703095237162776	112.28687363872936	7.113656054059374	67.64561619358257	0.00016970031175982827	401.7603730100585	94.75064647267585
4.869757506776487	111.72796443157225	6.944653960515902	70.13620662664827	0.00016970031175982827	345.8163124838616	94.39937880275367
5.012113890065701	111.17120993529622	6.806480014311715	72.28525261568625	0.00016970031175982827	299.06125756829454	94.02227920809436
5.1335152699653435	110.61674865279704	6.694102280908748	74.14794893234298	0.00016970031175982827	260.0980720178596	93.6240057404401
5.239597523425586	110.0646933891848	6.603180208537308	75.77191417631062	0.00016970031175982827	227.2640177125794	93.20857043301595
5.328370451504378	109.51513557951392	6.530078781287052	77.19703020099152	0.00016970031175982827	200.2849584910712	92.77933044885323
5.408103626701111	108.96814822359633	6.471850251142524	78.45563974476822	0.00016970031175982827	177.29134093419432	92.339007182391
5.474069828742767	108.42379016186653	6.426001432108062	79.57510136390196	0.00016970031175982827	158.6555040881747	91.88989975653935
5.532003183578266	107.88210656068703	6.390199110702198	80.58102936869928	0.00016970031175982827	143.0328913812808	91.4341508558424
5.584956698096288	107.34313227808295	6.362902128797303	81.49033710899575	0.00016970031175982827	129.65780864412787	90.97318031467195
5.630476993717873	106.80689444549918	6.3427149149732855	82.31834521187959	0.00016970031175982827	118.70655706986093	90.50826984732082
5.67154622900782	106.27341258918398	6.328326126073892	83.0794563874091	0.00016970031175982827	109.46355303830425	90.04061843523449
5.709269435793877	105.74270047636013	6.318872894672327	83.78314662031725	0.00016970031175982827	101.60081334036713	89.57101583935858
5.741464773362738	105.2147671017853	6.313384554493377	84.44008307555528	0.00016970031175982827	95.3202003823987	89.10034463720012
5.771780346777564	104.68961667350612	6.31115297336244	85.05805045195103	0.00016970031175982827	89.89567462477162	88.62924657670622
5.80042426277961	104.16725040139904	6.311696866451531	85.64234151545203	0.00016970031175982827	85.21233747261235	88.15815633779074
5.8276241604572805	103.64766710728487	6.314601056242796	86.19752455009714	0.00016970031175982827	81.16305282487802	87.68744689283088
5.853517589906492	103.13086357489236	6.319508556558803	86.7275300382246	0.00016970031175982827	77.66539796934394	87.21743695345383
5.877625476826271	102.61683479085123	6.326081225372337	87.2360832072422	0.00016970031175982827	74.74286161830291	86.74842663556673
5.900067825635223	102.1055739516328	6.333983725022295	87.72688045940949	0.00016970031175982827	72.3195534251372	86.2807119158655
5.921543132631198	101.59707270836653	6.342964165279728	88.20270202146862	0.00016970031175982827	70.23707563538017	85.81451220097928
5.942320746137818	101.09132163736317	6.352843965944474	88.66552292439023	0.00016970031175982827	68.42077349506785	85.34997988416116
5.962268880327348	100.58831049300886	6.363466062346616	89.11708245708702	0.00016970031175982827	66.86643386383659	84.88724723483102
5.981207552552629	100.08802824373763	6.374670268745629	89.55915512837439	0.00016970031175982827	65.57735622612525	84.42644862611908
5.999149642907594	99.59046307725474	6.386303897909726	89.99343384569498	0.00016970031175982827	64.52594602764735	83.96771097238307
6.016163000564948	99.09560248580426	6.398234585517023	90.42138875035374	0.00016970031175982827	63.678834352637935	83.51114225251119
6.032267158981997	98.60343337315581	6.410346851254763	90.84430492453134	0.00016970031175982827	63.01351890608647	83.05683470441552
6.047494916025706	98.11394213407026	6.422538264351049	91.26332448063887	0.00016970031175982827	62.507461581515955	82.60486835109856
6.061934367047426	97.62711473172062	6.434722154466956	91.67941665401898	0.00016970031175982827	62.13153476388058	82.15530862815663
6.075704020918701	97.14293679266656	6.4468305081413755	92.09334583473147	0.00016970031175982827	61.85465139773793	81.70820385993277
6.088918112543046	96.66139370742876	6.458813284903054	92.5056789766717	0.00016970031175982827	61.649432253960235	81.26358596623955
6.101670400799534	96.18247071952938	6.470635322319108	92.9168195414214	0.00016970031175982827	61.49439044722107	80.82147333082024
6.11403225751957	95.70615299568281	6.482272758800498	93.32704676807272	0.00016970031175982827	61.37365374078009	80.38187408728155
6.126056365623	95.23242567770022	6.493709947511682	93.73654956157003	0.00016970031175982827	61.27583384207253	79.94478894611598
6.137781373293148	94.7612739196451	6.504937093326728	94.14545244420681	0.00016970031175982827	61.1928568662221	79.51021335704377
6.149235888895045	94.29268291403142	6.515948539640852	94.55383437109492	0.00016970031175982827	61.119011984926495	79.07813907602771
6.160441510923632	93.82663791018767	6.526741557997903	94.96174202351077	0.00016970031175982827	61.05024470633735	78.64855527224323
6.1714150093893085	93.36312422712278	6.5373155032457975	95.36919908764726	0.00016970031175982827	60.98365250337364	78.22144930079028
6.182169859312157	92.9021272625644	6.5476712269814765	95.77621269650577	0.00016970031175982827	60.91713147217863	77.7968072392641
6.192717306731561	92.44363249934258	6.557810671111584	96.18277789351524	0.00016970031175982827	60.84913092396255	77.37461425966777
6.203067105609818	91.98762550993307	6.567736586239833	96.58888072513726	0.00016970031175982827	60.7784836322945	76.95485488621031
6.213228025278547	91.53409195972498	6.577452336297415	96.994500386239	0.00016970031175982827	60.704288697103266	76.53751317425925
6.223208198095057	91.08301760940111	6.586961762613006	97.39961071263345	0.00016970031175982827	60.625830946950245	76.12257283494444
6.233015355247974	90.63438831669937	6.596269088790535	97.80418122543361	0.00016970031175982827	60.542525784385724	75.71001732244058
6.242656983362253	90.18819003773817	6.605378853385792	98.20817787011194	0.00016970031175982827	60.45388186454858	75.29982989581313
6.252140423970525	89.74440882803049	6.614295861222729	98.61156355087532	0.00016970031175982827	60.359476402659276	74.89199366379096
6.261472930680148	89.30303084326849	6.623025146822624	99.01429853205751	0.00016970031175982827	60.258939551038026	74.48649161841989
6.27066169399676	88.86404233993139	6.631571945223384	99.41634075842009	0.00016970031175982827	60.15194539839601	74.0833066618993
6.2797138405884025	88.4274296757466	6.639941666714336	99.81764613254843	0.00016970031175982827	60.03820788161421	73.68242162975899
6.288636411821717	87.99317931001909	6.648139872896861	100.21816877781274	0.00016970031175982827	59.917480373149516	73.28381931272291
6.29743632534958	87.56127780383073	6.656172252138804	100.61786130814421	0.00016970031175982827	59.78955799216253	72.88748247900192
6.306120323136836	87.13171182010379	6.664044593017363	101.0166751200915	0.00016970031175982827	59.65428184071298	72.49339389827625
6.3146949093810765	86.70446812351491	6.671762754807525	101.41456071754517	0.00016970031175982827	59.511544431700024	72.10153636820503
6.323166282137909	86.27953358024456	6.679332634512293	101.81146807468822	0.00016970031175982827	59.36129558968931	71.71189274390312
6.331540262913764	85.85689515754268	6.686760130368485	102.20734703792324	0.00016970031175982827	59.20354810307876	71.32444597042738
6.339822228867774	85.43653992309467	6.6940511021981735	102.60214776272291	0.00016970031175982827	59.03838241569182	70.93917911792495
6.3480170524066715	85.01845504417315	6.701211329395797	102.99582117673037	0.00016970031175982827	58.865949692146266	70.55607541871852
6.356129052741612	84.60262778656767	6.7082464677176725	103.38831945628394	0.00016970031175982827	58.686472689968696	70.17511830527043
6.364161963349199	84.18904551329031	6.715162006339973	103.77959650024206	0.00016970031175982827	58.500244025754206	69.79629144770317
6.372118918264235	83.77769568306496	6.721963226841656	104.16960838287818	0.00016970031175982827	58.307621623528796	69.41957878939053
6.380002458830447	83.3685658486154	6.728655165828594	104.55831376694987	0.00016970031175982827	58.10902136031646	69.04496457908739
6.387814561103785	82.96164365477742	6.735242582835796	104.94567425890754	0.00016970031175982827	57.904907149293734	68.6724333981458
6.395556682710847	82.55691683646806	6.741729934935898	105.33165469049601	0.00016970031175982827	57.69577889813361	68.30197018156069
6.403229826756239	82.15437321655065	6.748121359167904	105.7162233144506	0.00016970031175982827	57.482158929236	67.93356023187654
6.410834619435944	81.75400070364077	6.754420663512673	106.09935190624634	0.00016970031175982827	57.264577540080005	67.56718922534081
6.418371397374651	81.35578728989935	6.760631326716103	106.4810157685364	0.00016970031175982827	57.04355841753393	67.20284321007519
6.425840300343423	80.95972104885985	6.766756506829229	106.86119363966664	0.00016970031175982827	56.8196046082597	66.84050859642417
6.433241364892057	80.56579013333423	6.772799057921337	107.23986751219739	0.00016970031175982827	56.5931856988387	66.4801721400118
6.440574614517546	80.17398277343878	6.7787615540479536	107.61702237148647	0.00016970031175982827	56.364726782359796	66.1218209183703
6.447840142274102	79.78428727477407	6.7846463192355095	107.99264586791449	0.00016970031175982827	56.13459968752665	65.76544230228717
6.455038182210455	79.39669201678663	6.790455461992202	108.36672793911669	0.00016970031175982827	55.90311682425013	65.41102392323839
6.462169166688455	79.01118545133092	6.796190912682396	108.73926040048951	0.00016970031175982827	55.67052785961549	65.05855363842225
6.469233767460779	78.62775610144122	6.8018544620185315	109.11023652316737	0.00016970031175982827	55.43701928691741	64.70801949497556
6.4762329193023795	78.24639256031328	6.807447798933655	109.4796506185756	0.00016970031175982827	55.2027167991712	64.35940969493674
6.483167825917576	77.86708349048745	6.812972546195376	109.84749764759987	0.00016970031175982827	54.96769024025866	64.01271256242543
6.490039948700662	77.48981762321583	6.818430292296526	110.21377287050416	0.00016970031175982827	54.73196079326913	63.667916514341854
6.496850979653972	77.11458375798935	6.82382261839176	110.57847155116251	0.00016970031175982827	54.49550998358975	63.32501003567364
6.503602800342153	76.74137076219526	6.829151119323172	110.9415887261643	0.00016970031175982827	54.25829002412828	62.983981660245256
6.607283783814056	76.37016864991246	6.836034470758755	111.28533024725245	0.00016970031175982827	38.125351351408185	62.64336412536383
7.374839442266017	76.00103506526511	6.86845949633306	111.34577591658666	0.00016970031175982827	0.00019472542444657446	62.28159961165063
8.906522823646892	75.63405786035335	6.906158048554667	111.34577608369925	0.00016970031175982827	0.00019472542444657446	61.91702685747643
11.187028031899006	75.26922880602987	6.943635927124934	111.34577625081187	0.00016970031175982827	0.00019472542444657446	61.55458817919377
14.200373438578453	74.90653532780472	6.980894423786917	111.34577641792448	0.00016970031175982827	0.00019472542444657446	61.19427108470087
17.921806471708855	74.5459649247947	7.017934822722255	111.34577658503707	0.00016970031175982827	0.00019472542444657446	60.836063155020355
22.32552280125381	74.18750516929205	7.054758400595473	111.34577675214967	0.00016970031175982827	0.00019472542444657446	60.479952043870924
27.38035340092119	73.83114370633628	7.091366426597965	111.34577691926228	0.00016970031175982827	0.00019472542444657446	60.12592547724186
33.051758410811125	73.47686825328834	7.127760162491743	111.3457770863749	0.00016970031175982827	0.00019472542444657446	59.77397125297005
39.3057850825181	73.1246665994074	7.163940862652912	111.3457772534875	0.00016970031175982827	0.00019472542444657446	59.424077240319505
46.10327171745766	72.77452660542961	7.199909774114939	111.3457774206001	0.00016970031175982827	0.00019472542444657446	59.076231379562905
53.40274324347021	72.42643620315022	7.235668136611584	111.34577758771272	0.00016970031175982827	0.00019472542444657446	58.73042168156649
61.160361473490354	72.08038339500716	7.2712171826196785	111.3457777548253	0.00016970031175982827	0.00019472542444657446	58.386636227376265
69.33204902271497	71.73635625366768	7.306558137401589	111.34577792193791	0.00016970031175982827	0.00019472542444657446	58.04486316780745
77.6599168580657	71.78624445558233	7.341744785312277	110.9023511267568	177.9902653241759	0.00019472542444657446	58.05810781105424
85.51732431536678	73.10317168875663	7.377287538931878	109.02325306345429	376.18663575225895	0.00019472542444657446	59.212508243085495
92.80092651219199	75.43596412876717	7.4138218669341445	105.98531999821745	526.2111738375519	0.00019472542444657446	61.28120924489475
99.46393096207741	78.51536803701325	7.45182716208706	102.08753533521727	634.8051296448053	0.00019472542444657446	64.02120799542912
105.48653799266373	82.11215842413365	7.49164640876296	97.58515048433631	708.3147249013485	0.00019472542444657446	67.22568650033405
110.87125668418638	86.03445334109966	7.5335074051996695	92.6924862673609	752.6305968576096	0.00019472542444657446	70.72157291522531
115.63796619712308	90.12450196308484	7.577542393340602	87.58634645496741	773.1354723409895	0.00019472542444657446	74.3666302430129
119.82066266511521	94.255898080606	7.623805996879656	82.4089692032389	774.6900284158679	0.00019472542444657446	78.04692980515894
123.46319599576306	98.32964236669201	7.672291353073264	77.27229924183202	761.6230297662264	0.00019472542444657446	81.67328920145843
126.60713614612825	102.27061957895341	7.722944229399505	72.261813352388	737.4703915269477	0.00019472542444657446	85.17808590049911
129.3063946002001	106.02421719745941	7.775675004102709	67.44020952174097	705.5207198774272	0.00019472542444657446	88.51220017419534
131.60817052232105	109.55326653733668	7.830369241910873	62.85074715178984	668.3306163090527	0.00019472542444657446	91.64224981569905
133.55564878065076	112.83434893945336	7.886896132776034	58.52132823788124	627.9183695276295	0.00019472542444657446	94.54725478079048
135.1892296835072	115.85456001529029	7.9451151292080295	54.46808076143354	585.8992733767057	0.00019472542444657446	97.21571611358775
136.54463361364094	118.6097544140259	8.004881220928054	50.69728408194204	543.4813803887706	0.00019472542444657446	99.64402990369189
137.65400980027528	121.10185707243645	8.066048935545568	47.208363217145454	501.58057821373376	0.00019472542444657446	101.83406138458652
138.5428959824891	123.33712238737458	8.128475205902202	43.995824437342385	460.7812105554219	0.00019472542444657446	103.79157403736266
139.23258467605424	125.32454783675949	8.192021283652565	41.05102682428342	421.4558543184592	0.00019472542444657446	105.5247986964929
139.74249122343275	127.07501084097713	8.256553960735301	38.36314418160739	383.86323441424344	0.00019472542444657446	107.04365484706487
140.08796807498942	128.60038885625755	8.321946355194685	35.92015068528733	348.10865369534355	0.00019472542444657446	108.35895720816488
140.28172873268954	129.91273013043744	8.388078218800713	33.70975454579777	314.21227137777487	0.00019472542444657446	109.48166838886206
140.33363187377913	131.02399932719504	8.454835959017966	31.71968521107182	282.1102696908633	0.00019472542444657446	110.4226697010606
140.25452143588777	131.9458458523107	8.522112485104138	29.937956850743262	251.77824050883436	0.00019472542444657446	111.19255258306913
140.04902551669593	132.68908534241118	8.58980695290613	28.35345708110782	223.02868265149118	0.00019472542444657446	111.80115170225694
139.7239111680771	133.2637605394056	8.65782425281581	26.955883809497657	195.76233278442305	0.00019472542444657446	112.25760025818914
139.2837960186203	133.67901030555242	8.726074584738482	25.73589792260233	169.8421838267376	0.00019472542444657446	112.57021236109378
138.73421123869056	133.94339786039274	8.794473020436204	24.684757192957832	145.17635550037124	0.00019472542444657446	112.74677913509613
138.07493147015705	134.06444782536244	8.862939122148042	23.794843613711837	121.52999993966786	0.00019472542444657446	112.79415198487803
137.30999622148443	134.04872366311363	8.931396296595747	23.05958299812825	98.82663368440129	0.00019472542444657446	112.71831294280906
136.44366518277127	133.9023820241296	8.999771455533185	22.47282230186842	77.00877308654911	0.00019472542444657446	112.52487438612303
135.47437329501753	133.6305532386698	9.06799469367184	22.029533209912753	55.87352756248966	0.00019472542444657446	112.21852121171003
134.25444269577213	133.23280137437573	9.135998365914226	21.730952421898817	30.959020442751893	0.00019472542444657446	111.79892162924475
132.19707932394357	132.64509942745184	9.203698523899856	21.650353884080943	0.0001969823565467336	0.00019472542444657446	111.2084692824794
129.0389470905138	131.98983346799739	9.27101221019575	21.65035386900961	0.0001969823565467336	0.00019472542444657446	110.55749662865028
124.71804523152288	131.3384031964083	9.337931866738204	21.650353853938277	0.0001969823565467336	0.00019472542444657446	109.91033453123448
119.32025273993281	130.6907861599673	9.404459800033628	21.65035383886695	0.0001969823565467336	0.00019472542444657446	109.2669606846251
112.95599607378625	130.0469600373869	9.470598303087005	21.650353823795616	0.0001969823565467336	0.00019472542444657446	108.6273529137839
105.75184701755714	129.4069026380407	9.536349655480878	21.650353808724283	0.0001969823565467336	0.00019472542444657446	107.99148917347746
97.84873601931905	128.77059190119766	9.601716123453965	21.650353793652954	0.0001969823565467336	0.00019472542444657446	107.359347547517
89.40133727725981	128.1380058952627	9.666699959979228	21.65035377858162	0.0001969823565467336	0.00019472542444657446	106.73090624800327
80.57406185992444	127.50912281701972	9.731303404841581	21.65035376351029	0.0001969823565467336	0.00019472542444657446	106.10614361457503
71.53495358717154	126.88392099088097	9.795528684715048	21.65035374843896	0.0001969823565467336	0.00019472542444657446	105.48503811366314
62.45710871596144	126.26237886813999	9.859378013239471	21.650353733367623	0.0001969823565467336	0.00019472542444657446	104.86756833774835
53.5112267919514	125.64447502622805	9.922853591096908	21.650353718296287	0.0001969823565467336	0.00019472542444657446	104.2537130046228
44.86626787582343	125.03018816797665	9.985957606087403	21.65035370322496	0.0001969823565467336	0.00019472542444657446	103.6434509566571
36.68169363133377	124.41949712088318	10.0486922332044	21.650353688153622	0.0001969823565467336	0.00019472542444657446	103.03676116007111
29.107787243903562	123.81238083638091	10.111059634709756	21.65035367308229	0.0001969823565467336	0.00019472542444657446	102.43362270420836
22.281184882220494	123.20881838911392	10.173061960208214	21.650353658010953	0.0001969823565467336	0.00019472542444657446	101.83401480081606
16.324180845152487	122.60878897621546	10.23470134672154	21.650353642939624	0.0001969823565467336	0.00019472542444657446	101.23791678332798
11.339706480801064	122.01227191659156	10.295979918762118	21.65035362786829	0.0001969823565467336	0.00019472542444657446	100.64530810615277
7.562458159896826	121.41909217032604	10.2463320134557	22.86677369951888	0.0001969823565467336	447.31245906039334	100.15563978096436
5.075906698752491	120.82800758788072	9.915302569392885	27.176023162372953	0.0001969823565467336	806.5661285739817	99.92135587251167
3.6726743345025867	120.23783793345224	9.429693347199397	33.18461631600547	0.0001969823565467336	959.5033189167174	99.82715728491262
3.522111891858405	119.64808841185987	8.914943442883285	39.51328222288205	0.0001969823565467336	898.8054086380623	99.75959006214123
3.909313469795632	119.05891007736231	8.473035274446579	45.04004359366805	0.0001969823565467336	760.6204509090733	99.6269142368612
4.234012722147437	118.47072337768614	8.107680636843122	49.72359557794018	0.0001969823565467336	645.611469249863	99.42616463139025
4.508280232782801	117.88389429162609	7.806042045286705	53.70473695230865	0.0001969823565467336	549.6271188845657	99.16923625796355
4.741105826759712	117.29872506400781	7.557576845407731	57.09909537818605	0.0001969823565467336	469.41198657525143	98.86589929603622
4.936550142423842	116.71546484569933	7.353347724162864	60.00469975856818	0.0001969823565467336	402.7997470904189	98.52442983922211
5.102907677106896	116.1343179101606	7.1859058586787095	62.50325631605265	0.0001969823565467336	347.16651372921734	98.15172256890267
5.244828999638079	115.55545150518657	7.049090112331635	64.66234856349114	0.0001969823565467336	300.7103355828411	97.75347873230182
5.366017023728718	114.97900243328303	6.9378878718566135	66.53696065996738	0.0001969823565467336	261.97862482189754	97.33433744272658
5.471977250186346	114.40508203217578	6.848015289111598	68.17408912341372	0.0001969823565467336	229.3398232881238	96.89825832708495
5.560909783909603	113.83378041502314	6.775840606862861	69.61358145553233	0.0001969823565467336	202.48862062612466	96.44859442176612
5.641001527055242	113.2651694304535	6.718469776388014	70.88719100331939	0.0001969823565467336	179.5781916893769	95.98801770636538
5.707146635838756	112.69930693569012	6.6734119169233	72.02225207651387	0.0001969823565467336	161.04436364800577	95.51882434123146
5.765252964674363	112.13623707541467	6.6383225020322305	73.04450458242687	0.0001969823565467336	145.51173969355972	95.04316628232661
5.818464319639407	111.5759937186116	6.611680410022465	73.97064258772178	0.0001969823565467336	132.2028318644247	94.56244442215248
5.864365404249942	111.01860312267425	6.592114699292861	74.81571677915662	0.0001969823565467336	121.29169930773503	94.07791749854191
5.905164292924416	110.46408398881476	6.578288563576798	75.59441089329455	0.0001969823565467336	112.18752857597896	93.59080668940368
5.941934541172674	109.91244891651283	6.569246253725367	76.31722393336146	0.0001969823565467336	104.55210222603068	93.10198438088973
5.973948815626775	109.36370558154888	6.564078843885428	76.99414541011004	0.0001969823565467336	98.35515484369074	92.61227634023747
6.00473488525621	108.81785726712683	6.56213330506708	77.63235493240879	0.0001969823565467336	92.89988676906023	92.12227383969359
6.034112891225355	108.27490459175631	6.562990474756413	78.23646258899481	0.0001969823565467336	88.14641405575816	91.6323550603604
6.061996497207369	107.73484594263405	6.566235235754631	78.81103649152259	0.0001969823565467336	84.03993989179209	91.14289252872032
6.088534933977742	107.19767763307212	6.571500759382468	79.36011592142135	0.0001969823565467336	80.49445436803626	90.65421339972053
6.113726685446748	106.66339418603033	6.578469152758154	79.88720388944604	0.0001969823565467336	77.45722801914961	90.16659912907414
6.137081215082421	106.1319884887466	6.586822120767436	80.39580967927454	0.0001969823565467336	74.95696774808437	89.6803300612426
6.158819199843016	105.60345177796876	6.596254619286677	80.88929867874184	0.0001969823565467336	72.90605337452538	89.19567311592992
6.179511198574487	105.07777390544778	6.60653697853451	81.37020872296438	0.0001969823565467336	71.17111346058563	88.71282606028235
6.199448106501826	104.55494374730516	6.617505009882486	81.8403584568378	0.0001969823565467336	69.67630069735857	88.231926790471
6.218605925520727	104.0349494552927	6.629021958012243	82.30126557738457	0.0001969823565467336	68.40282221583456	87.75308783538792
6.236842304963891	103.51777853187099	6.640954271159957	82.75441327622624	0.0001969823565467336	67.35214449992635	87.27641825289294
6.254092388311341	103.00341783854869	6.653170413010718	83.20126329932208	0.0001969823565467336	66.51315425047805	86.80202470769198
6.270402458099587	102.49185363621889	6.665551093248701	83.64314336533694	0.0001969823565467336	65.85825599210072	86.33000229096425
6.285871589612631	101.98307167442414	6.677996055722234	84.08117239495614	0.0001969823565467336	65.35422781884901	85.86042848531714
6.300610699660365	101.47705729956473	6.690425041827208	84.51624979139255	0.0001969823565467336	64.96920716172224	85.39336239435825
6.3147262548710765	100.97379555932497	6.70277608406278	84.9490740932722	0.0001969823565467336	64.6751216658657	84.92884637411021
6.328312397540403	100.47327129465087	6.715002885798301	85.38017169326322	0.0001969823565467336	64.44856484356478	84.46690847644388
6.3414472220373375	99.97546921634635	6.727071906515032	85.80992881386327	0.0001969823565467336	64.27093088019743	84.00756514399231
6.354192551811263	99.48037396590536	6.738959549510722	86.23862237390902	0.0001969823565467336	64.12798308382477	83.55082379855385
6.366595907025479	98.98797016199045	6.750649719609304	86.66644680124847	0.0001969823565467336	64.00911889788578	83.09668508322638
6.37869328045002	98.49824243494254	6.762131855210622	87.09353564119809	0.0001969823565467336	63.90657926068213	82.64514466642527
6.390511860687067	98.0111754519027	6.773399419798782	87.51997812156335	0.0001969823565467336	63.814743319200794	82.19619462351716
6.40207233613614	97.52675393486021	6.784448782323311	87.94583144805155	0.0001969823565467336	63.72955783177695	81.74982446174506
6.413390701377197	97.04496267350818	6.795278403128367	88.37112974452373	0.0001969823565467336	63.64810042577645	81.30602186520714
6.424479614256617	96.56578653434977	6.8058882498007005	88.79589046837707	0.0001969823565467336	63.56825605792873	80.86477322932359
6.435349390553361	96.0892104671261	6.816279381621851	89.22011897430716	0.0001969823565467336	63.48848197866326	80.42606404099493
6.446008722836345	95.61521950934478	6.826453655765931	89.64381174101516	0.0001969823565467336	63.40763895551256	79.98987914736846
6.456465196288582	95.14379878946923	6.836413520623963	90.06695864103618	0.0001969823565467336	63.32487085647834	79.55620294490576
6.466725658046563	94.67493352916742	6.846161871186952	90.48954452898434	0.0001969823565467336	63.239518990646424	79.12501951169423
6.476796482156583	94.20860904490513	6.8557019485561765	90.91155034513925	0.0001969823565467336	63.151061200513894	78.69631269941358
6.486683760684017	93.74481074908495	6.8650372708454315	91.33295387423424	0.0001969823565467336	63.05906849415072	78.27006619661229
6.496393442730709	93.28352415087558	6.874171586458793	91.75373025846385	0.0001969823565467336	62.96317408859559	77.84626357154679
6.505931436630846	92.82473485683279	6.883108843359251	92.17385233482717	0.0001969823565467336	62.8630512553159	77.42488830042673
6.515303685874281	92.36842857138674	6.891853169787317	92.59329084667247	0.0001969823565467336	62.758397452754316	77.00592378522484
6.524516225884946	91.91459109724691	6.900408863166277	93.01201456528194	0.0001969823565467336	62.64892301413686	76.58935336403671
6.533575226287698	91.46320833576235	6.908780384804176	93.42999034774262	0.0001969823565467336	62.534343219994746	76.17516031617863
6.542487021453346	91.01426628726325	6.916972358585102	93.8471831509564	0.0001969823565467336	62.41437298920783	75.7633278636741
6.5512581307161195	90.56775105140113	6.924989572214028	94.26355601756241	0.0001969823565467336	62.28872371689992	75.35383917043893
6.5598952685673	90.12364882749768	6.932836979797445	94.67907004715573	0.0001969823565467336	62.15710200560585	74.94667734027058
6.568405344254359	89.68194591490683	6.940519704644671	95.0936843650639	0.0001969823565467336	62.01921019896705	74.5418254146507
6.576795449509913	89.2426287133877	6.948043041191789	95.50735610076221	0.0001969823565467336	61.874748747561256	74.13926637134777
6.585072832592481	88.80568372348105	6.955412454905911	95.92004038850138	0.0001969823565467336	61.723420519486815	73.73898312484258
6.593244856480237	88.37109754687512	6.962633578944407	96.33169040364261	0.0001969823565467336	61.56493721127694	73.34095852966742
6.601318939000136	87.93885688674025	6.96971220624898	96.74225744924472	0.0001969823565467336	61.39902800872246	72.94517538783009
6.609302473020186	87.5089485480046	6.976654275681928	97.15169110825359	0.0001969823565467336	61.22545057753869	72.55161646155206
6.6172027257342725	87.08135943753577	6.983465850805476	97.55993947672434	0.0001969823565467336	61.044004312449026	72.16026449254991
6.625026717672865	86.65607656418645	6.9901530900193505	97.96694949225643	0.0001969823565467336	60.854545524996006	71.77110222897949
6.63278108446004	86.23308703865585	6.996722207067487	98.3726673685765	0.0001969823565467336	60.657003901822826	71.38411246089053
6.640471927432052	85.81237807311557	7.003179421457453	98.7770391413474	0.0001969823565467336	60.45139913814857	70.99927806455698
6.6481046627041165	85.39393698054782	7.009530899137673	99.18001132146655	0.0001969823565467336	60.23785620617444	70.61658205532457
6.655683881476263	84.97775117374917	7.015782684828558	99.58153164054929	0.0001969823565467336	60.01661735929748	70.23600764767633
6.663213236398303	84.56380816396361	7.021940628611699	99.9815498599924	0.0001969823565467336	59.7880488361478	69.85753832013697
6.67069536871596	84.15209555912595	7.028010310570899	100.38001860190778	0.0001969823565467336	59.552640443071446	69.48115788158123
6.678131888067227	83.7426010617195	7.033996968211451	100.776894149931	0.0001969823565467336	59.31099682461903	69.10685053469204
6.685523411265938	83.3353124662787	7.039905431817093	101.17213716311703	0.0001969823565467336	59.06382022577444	68.73460093194748
6.692869659152138	82.93021765659374	7.045740072667791	101.56571324870335	0.0001969823565467336	58.81188571985718	68.36439421975321
6.700169603223639	82.52730460269848	7.051504768109908	101.95759334974171	0.0001969823565467336	58.55601094829303	67.99621606719701
6.707421648007323	82.12656135773963	7.057202885986967	102.34775391989757	0.0001969823565467336	58.297023130522014	67.63005267725477
6.714623832154022	81.7279760548333	7.0628372891756195	102.73617687710656	0.0001969823565467336	58.03572630418106	67.26589077987188
6.7217740312895495	81.33153690401392	7.0684103592419225	103.12284934680314	0.0001969823565467336	57.772871459310274	66.90371760790278
6.728870148104529	80.93723218937077	7.073924036800873	103.50776322120142	0.0001969823565467336	57.50913158330553	66.54352085817118
6.735910278934807	80.545050266451	7.079379875177654	103.89091457195617	0.0001969823565467336	57.24508284105588	66.1852886407869
6.742892850110546	80.15497955998794	7.084779103462529	104.27230295912581	0.0001969823565467336	56.98119235924536	65.82900942029325
6.749816720904811	79.76700856199263	7.090122694962243	104.65193068036366	0.0001969823565467336	56.71781247682011	65.4746719522797
6.981290086063249	79.38113145808975	7.101019527192504	104.96810665324102	0.0001969823565467336	19.955056988790577	65.11721795576341
7.974937970019309	78.99744039847356	7.139254454680777	104.98109334823627	0.0001969823565467336	0.00010494561138797148	64.73710445386752
9.758624761593591	78.61599492780142	7.178439363450065	104.98109273363363	0.0001969823565467336	0.00010494561138797148	64.35815816608243
12.316275361851437	78.23678230004376	7.21739489835632	104.98109211903099	0.0001969823565467336	0.00010494561138797148	63.98143009161044
15.627480008430393	77.85978944495298	7.25612240207043	104.98109150442836	0.0001969823565467336	0.00010494561138797148	63.606907245840276
19.6670089260431	77.48500336878959	7.294623209403817	104.98109088982572	0.0001969823565467336	0.00010494561138797148	63.23457672016752
24.406708231330043	77.11241115387507	7.332898647354366	104.98109027522308	0.0001969823565467336	0.00010494561138797148	62.86442568155034
29.811496333995635	76.7419999581459	7.37095003515224	104.98108966062046	0.0001969823565467336	0.00010494561138797148	62.49644137206649
35.84904350809789	76.37375701471161	7.4087786843052745	104.9810890460178	0.0001969823565467336	0.00010494561138797148	62.13061110847432
42.480115607667436	76.0076696314143	7.446385898644238	104.98108843141516	0.0001969823565467336	0.00010494561138797148	61.766922281774974
49.66405699144163	75.64372519039128	7.483772974367751	104.98108781681253	0.0001969823565467336	0.00010494561138797148	61.40536235677809
57.35775216892645	75.28191114764059	7.520941200086925	104.9810872022099	0.0001969823565467336	0.00010494561138797148	61.045918871670104
65.51482182870068	74.92221503258764	7.557891856869876	104.98108658760727	0.0001969823565467336	0.00010494561138797148	60.68857943758371
74.08989158717587	74.56462444765668	7.594626218285752	104.98108597300464	0.0001969823565467336	0.00010494561138797148	60.33333173817215
82.65673855202141	74.89202616012543	7.631265791777387	104.20808672950703	235.2945872876985	0.00010494561138797148	60.59527961112445
90.68315715322669	76.51930711400004	7.668434505435625	101.96040340138808	429.2078493280218	0.00010494561138797148	62.02781316086893
98.09766839697856	79.13454927321825	7.7067560394319745	98.58364288751163	574.6402458290413	0.00010494561138797148	64.3493632736814
104.85905712552656	82.46743668659568	7.7466941033817145	94.37816140694801	678.534225076635	0.00010494561138797148	67.31598430920184
110.95321227727665	86.28880273391866	7.78857572645032	89.59931991971835	747.4066221804865	0.00010494561138797148	70.72092523195353
116.3865836462226	90.40751996414909	7.832613015811309	84.46075926658709	787.2446263839872	0.00010494561138797148	74.39180806156565
121.18557098264687	94.6675091786909	7.8789231726473155	79.13755972895878	803.5779028046663	0.00010494561138797148	78.18791532076008
125.38553477899642	98.94419811654008	7.927546807369841	73.77004124724144	801.2528985167991	0.00010494561138797148	81.9969831614147
129.0357998464585	103.14072685095316	7.978464074791576	68.46787383571558	784.6994540637395	0.00010494561138797148	85.7317682668123
132.18482961473873	107.18483404011798	8.031609139138496	63.3134370041432	757.5758958551161	0.00010494561138797148	89.3272296405221
134.88148657384366	111.02434172038161	8.08688234324648	58.36678808025745	722.9440558200029	0.00010494561138797148	92.73644988931099
137.17586622325177	114.62401792937692	8.144160315804884	53.66909626595033	683.3896146203923	0.00010494561138797148	95.92779965186674
139.11489889814783	117.9625142440389	8.203304431811494	49.24601015430957	640.9816255365762	0.00010494561138797148	98.8821710020067
140.73649013373495	121.02886115232585	8.264167472580352	45.11154469948787	597.2011506062781	0.00010494561138797148	101.58981412589686
142.07703234294692	123.82025772724538	8.326598611704053	41.27052403946809	553.2358667969584	0.00010494561138797148	104.04834154553274
143.16857123466127	126.3397901111934	8.390447262402187	37.72111728792738	509.96333672927125	0.00010494561138797148	106.26066923314525
144.03825701108588	128.59480865216395	8.45556585161568	34.45664185528226	467.9835559854555	0.00010494561138797148	108.23355207256601
144.70592056082324	130.5952923679389	8.521811712866496	31.467390782697574	427.59506610552967	0.00010494561138797148	109.97610869826345
145.19076862262762	132.35279266348414	8.589048159945591	28.741814530861387	389.02984690126135	0.00010494561138797148	111.49886892210681
145.50947983254875	133.87977820522474	8.657145170949372	26.26725374765295	352.41547320976355	0.00010494561138797148	112.81318291376157
145.67455246318397	135.18892100618336	8.725979709414919	24.030742459448657	317.74668016965893	0.00010494561138797148	113.93057774483646
145.6941737360897	136.29256744019833	8.795435682751794	22.019606282306157	284.8974328633195	0.00010494561138797148	114.86228086256443
145.5785872450274	137.2023940654501	8.865403595148775	20.221855159404825	253.8243081265282	0.00010494561138797148	115.61891033360482
145.33262668972114	137.92933723099026	8.935780241655193	18.626266270773904	224.34237719178753	0.00010494561138797148	116.21041170210366
144.96426125181105	138.48362854572756	9.00646821808994	17.22234934433852	196.3830816570187	0.00010494561138797148	116.6460903852591
144.4774682366741	138.87473562250457	9.077375586722022	16.000417292627574	169.78004856871706	0.00010494561138797148	116.93455859079509
143.87742457792453	139.11110052418655	9.14841534247202	14.95188764047697	144.43433461624582	0.00010494561138797148	117.08350016370676
143.16458168643615	139.20030902917892	9.21950494255117	14.069096428964949	120.129746844102	0.00010494561138797148	117.0998235014664
142.34401934727376	139.14917322433905	9.290565778459184	13.345210693445857	96.81379125857127	0.00010494561138797148	116.98973643772955
141.41728984560208	138.96385379117893	9.361522853412223	12.77409382843338	74.34681948549337	0.00010494561138797148	116.75885670069067
140.38487006087996	138.6494588682156	9.432304293477706	12.350764250661681	52.58849034128851	0.00010494561138797148	116.41185096823226
138.93469959122473	138.19563241683377	9.502839227065468	12.087703871257744	22.39624736330658	0.00010494561138797148	115.93945332411552
136.54688025728015	137.5458196000766	9.573031834461615	12.049873672835673	0.00023948438553065808	0.00010494561138797148	115.29079978884232
132.95784810875284	136.86649981542658	9.642816584923164	12.04987277441314	0.00023948438553065808	0.00010494561138797148	114.61593083829133
128.18199557551645	136.1911565213851	9.712192841349477	12.049871875990611	0.00023948438553065808	0.00010494561138797148	113.94501232435637
122.31660124311131	135.5197664410268	9.781162994915604	12.049870977568078	0.00023948438553065808	0.00010494561138797148	113.27802112262266
115.47680899147734	134.85230643368115	9.849729422799523	12.049870079145546	0.00023948438553065808	0.00010494561138797148	112.61493424403746
107.80159224690442	134.18875349413443	9.917894488264094	12.049869180723016	0.00023948438553065808	0.00010494561138797148	111.95572883411741
99.43884093622252	133.52908475183767	9.985660540738447	12.049868282300483	0.00023948438553065808	0.00010494561138797148	111.30038217216142
90.55375639812662	132.87327747011705	10.05302991589907	12.049867383877952	0.00023948438553065808	0.00010494561138797148	110.6488716704666
81.31702745437548	132.22130904539097	10.120004935750254	12.049866485455421	0.00023948438553065808	0.00010494561138797148	110.00117487355014
71.90564427286999	131.57315700639143	10.186587908704073	12.04986558703289	0.00023948438553065808	0.00010494561138797148	109.35726945737593
62.49862966829616	130.9287990133887	10.252781129660042	12.049864688610358	0.00023948438553065808	0.00010494561138797148	108.7171332285843
53.27281552484783	130.2882128574217	10.318586880084151	12.049863790187826	0.00023948438553065808	0.00010494561138797148	108.08074412372746
44.401797563177176	129.6513764595326	10.384007428087536	12.049862891765297	0.00023948438553065808	0.00010494561138797148	107.448080208509
36.0491027663868	129.0182678700057	10.449045028504623	12.049861993342764	0.00023948438553065808	0.00010494561138797148	106.81911967702791
28.36713168486125	128.3888652676107	10.513701922970883	12.049861094920232	0.00023948438553065808	0.00010494561138797148	106.19384085102678
21.49484182565803	127.76314695885134	10.577980340000034	12.0498601964977	0.00023948438553065808	0.00010494561138797148	105.57222217914521
15.553387744936028	127.14109137721671	10.641882495060912	12.04985929807517	0.00023948438553065808	0.00010494561138797148	104.95424223617631
10.645552961443224	126.5226770814555	10.705369644831952	12.050308804803878	0.00023948438553065808	9.969633070114378	104.33991660957071
7.095401259860429	125.90751849981095	10.57419295861403	14.18838155045935	0.00023948438553065808	579.7988022975935	103.90389688396111
4.797765808709983	125.29415815961177	10.178045519495816	19.239100565184813	0.00023948438553065808	896.7134709696317	103.70820958568994
3.6387850426465373	124.68155401002538	9.65369577507941	25.699190442797892	0.00023948438553065808	1002.4853079108041	103.62870111256386
3.7610854524661796	124.06936674353891	9.132176034695867	32.12767919814662	0.00023948438553065808	895.1819495436062	103.5470186566153
4.1456668640219245	123.45787742462434	8.694408421117881	37.634105877877914	0.00023948438553065808	758.1237786879841	103.39051261577154
4.468357587789255	122.84751847790436	8.332567024382296	42.30406685176295	0.00023948438553065808	644.0350919374981	103.16662293110092
4.741218164847869	122.23865211138654	8.033922576987223	46.27717476727388	0.00023948438553065808	548.7842545285502	102.88714372468405
4.9727581377265855	121.63157731317794	7.788015450382097	49.66814768190598	0.00023948438553065808	469.2097379479098	102.5617674439602
5.167264631391768	121.02654043538472	7.58598615628196	52.574161588913825	0.00023948438553065808	403.12043998702353	102.19869754874121
5.3329463806302915	120.42374333997478	7.420449786346821	55.076222376013575	0.00023948438553065808	347.91742012474657	101.80476896723238
5.47423829372209	119.82335113882961	7.285277391264525	57.24156190921288	0.00023948438553065808	301.8400354290637	101.3856520248334
5.595131662125875	119.22549866874373	7.175491192615986	59.12478338554385	0.00023948438553065808	263.3934409203429	100.94595268119616
5.700679905668527	118.63029558922796	7.086867339113754	60.77222525392122	0.00023948438553065808	231.03142474619565	100.48957500010289
5.789635134899505	118.03783046373631	7.015775411268231	62.22372205202754	0.00023948438553065808	204.35689856677857	100.01986941663793
5.869909773351287	117.44817382698002	6.959390351613798	63.510269707760905	0.00023948438553065808	181.58028221574295	99.53944457240202
5.936045297049775	116.86138240005262	6.915219423176199	64.65922423300249	0.00023948438553065808	163.19587352639496	99.05059727646525
5.994384970967398	116.27749918263615	6.880922854116007	65.69627452834521	0.00023948438553065808	147.7564996967591	98.55547416983798
6.047679222002198	115.69655703274488	6.85501053189194	66.63777470218709	0.00023948438553065808	134.5554041536145	98.05544729806573
6.093799955540296	115.11858124083778	6.836110642194128	67.49878613371804	0.00023948438553065808	123.71863361429607	97.55177531409339
6.134489623491905	114.54358956849109	6.822879032040311	68.29407443516179	0.00023948438553065808	114.7317539300585	97.04568516797367
6.1701356149816	113.97159352097664	6.8143003928414725	69.03479500004035	0.00023948438553065808	107.36098214863621	96.53810191723888
6.201954529306859	113.40259942168811	6.8094802741641205	69.73077963768726	0.00023948438553065808	101.25447664820084	96.02983706984142
6.232792697579598	112.83660954785992	6.807823777072272	70.38856966312345	0.00023948438553065808	95.83869908743604	95.52142862233121
6.262914513308913	112.27362377948033	6.808976248310118	71.0120663977761	0.00023948438553065808	91.01047500552468	95.01319597402721
6.291543410656527	111.71364007069684	6.812550869091024	71.60552716011146	0.00023948438553065808	86.8347622444068	94.50548576721242
6.318729025928548	111.15665432509188	6.8181722887580705	72.17308543630756	0.00023948438553065808	83.24072964357775	93.99863246516557
6.344582057442399	110.60266059496384	6.825510398425415	72.71837914501145	0.00023948438553065808	80.15490933582667	93.49292810498956
6.368875315980619	110.05165131197327	6.834266544625927	73.24470202658514	0.00023948438553065808	77.56539061287536	92.98863492553814
6.391279554143874	109.50361734726155	6.844134697018539	73.75543073039067	0.00023948438553065808	75.47604298443495	92.4860204056243
6.412086973827434	108.95854804376522	6.854837418539429	74.25362910661174	0.00023948438553065808	73.79192662398982	91.98532488759076
6.4317868361982296	108.41643150607868	6.866166396681931	74.74160203463	0.00023948438553065808	72.39677925260737	91.48672532378083
6.450680071823224	107.87725496540834	6.8779728326604035	75.2210007298243	0.00023948438553065808	71.21564597818718	90.99034426373684
6.46883696909626	107.34100502605968	6.890139365260841	75.69313130268345	0.00023948438553065808	70.21725186608761	90.49627537008902
6.486217908374108	106.80766777652119	6.902560222229831	76.15917296800306	0.00023948438553065808	69.39057148127782	90.00460140026246
6.502794512031279	106.2772288338043	6.915135868169354	76.62023686793837	0.00023948438553065808	68.72374519500316	89.51539906813957
6.518598874901004	105.74967338642915	6.927776540189028	77.07732713125588	0.00023948438553065808	68.19646338666143	89.02873589751361
6.533708623411816	105.22498626138734	6.940406720061693	77.53129160395382	0.00023948438553065808	67.78320194697018	88.54466625344651
6.548215027018592	104.70315200696334	6.952966546721545	77.98280621819457	0.00023948438553065808	67.45877245581633	88.06323014436195
6.56220258834368	104.18415497468597	6.965410493085008	78.43238945466992	0.00023948438553065808	67.20150329554548	87.58445448792877
6.575741653510627	103.66797939010962	6.977704887222822	78.88042952972523	0.00023948438553065808	66.99405812402323	87.1083554080061
6.5888879174335155	103.15460940951543	6.989825346090849	79.32721256024838	0.00023948438553065808	66.82309061487973	86.63494059767977
6.601684454350292	102.64402916351428	7.0017545573368585	79.77294691452357	0.00023948438553065808	66.67853633641853	86.16421135691657
6.614164272624219	102.13622278982075	7.013480506150141	80.21778267985115	0.00023948438553065808	66.55289142631113	85.69616421952304
6.62635265785039	101.6311744575555	7.024995112099816	80.66182662986444	0.00023948438553065808	66.44059488022839	85.23079220311321
6.638269100719962	101.12886838511128	7.0362932034681185	81.10515348667509	0.00023948438553065808	66.33753629668337	84.76808574922805
6.649928805506777	100.62928885320984	7.047371755406958	81.54781428639647	0.00023948438553065808	66.2406774886876	84.30803342144401
6.6613438392599775	100.13242021440256	7.058229328760217	81.98984254136288	0.00023948438553065808	66.14776742203064	83.85062241949757
6.672523993887009	99.63824689995968	7.068865659112852	82.43125875280433	0.00023948438553065808	66.05713004296459	83.39583895571784
6.6834774268440915	99.14675342485185	7.07928135721395	82.8720737005641	0.00023948438553065808	65.96750756696716	82.94366852940348
6.694211134513137	98.6579243913436	7.089477691445171	83.312290831885	0.00023948438553065808	65.8779453273297	82.49409612603459
6.7047313006573495	98.17174449158085	7.099456430463574	83.75190798941445	0.00023948438553065808	65.78770747302806	82.0471063613669
6.715043552329633	97.68819850945245	7.10921972983651	84.19091865611726	0.00023948438553065808	65.69621542313672	81.60268358523956
6.725153147609376	97.20727132192908	7.118770050758559	84.62931284787611	0.00023948438553065808	65.60300303018766	81.16081195600947
6.735065113387659	96.72894790002974	7.1281101021227435	85.06707774961635	0.00023948438553065808	65.50768396117132	80.72147549360989
6.744784346783113	96.25321330952164	7.137242799578085	85.50419816488173	0.00023948438553065808	65.40992797115263	80.28465811706627
6.754315690321582	95.78005271143489	7.146171236950709	85.94065682962089	0.00023948438553065808	65.3094436101783	79.85034367070647
6.763663988463933	95.30945136244723	7.154898666697067	86.376434626767	0.00023948438553065808	65.2059655441794	79.41851594211727
6.772834131189837	94.84139461518177	7.163428487013422	86.81151072769705	0.00023948438553065808	65.09924514258809	78.98915867402553
6.7818310889653075	94.37586791844834	7.171764233933458	87.24586267888546	0.00023948438553065808	64.98904333334893	78.562255571635
6.790659942400983	93.9128568174524	7.179909577271445	87.679466446293	0.00023948438553065808	64.87512498373441	78.13779030646933
6.799325909146082	93.45234695398985	7.187868319658149	88.11229642575194	0.00023948438553065808	64.75725425733526	77.71574651741594
6.807834369981673	92.9943240666426	7.1956443982043625	88.54432542444599	0.00023948438553065808	64.63519054243885	77.29610780940382
6.816190895612509	92.53877399098839	7.203241888537686	88.97552461626869	0.00023948438553065808	64.50868465952011	76.87885774995559
6.824401275260204	92.08568265983712	7.210665011107294	89.40586347220393	0.00023948438553065808	64.37747514650569	76.46397986372057
6.832471547788403	91.63503610350527	7.217918139749187	89.8353096657981	0.00023948438553065808	64.24128449878788	76.05145762500548
6.840408035699461	91.18682045014039	7.225005812556909	90.2638289532155	0.00023948438553065808	64.09981531489868	75.64127444827339
6.848217381890356	90.74102192610795	7.231932745109573	90.69138502729285	0.00023948438553065808	63.95274637519342	75.23341367657511
6.855906588496354	90.29762685645271	7.238703846066739	91.11793934547444	0.00023948438553065808	63.79972876705462	74.82785856791529
6.863483056426178	89.85662166544637	7.245324235040507	91.54345093260015	0.00023948438553065808	63.64038227437855	74.42459227964491
6.8709546232377345	89.41799287723293	7.251799262484953	91.96787616139243	0.00023948438553065808	63.47429237986029	74.02359785112431
6.878329595745635	88.98172711658044	7.258134531083064	92.39116851635052	0.00023948438553065808	63.301008394895206	73.62485818513278
6.885616772117197	88.54781110974437	7.264335917737884	92.81327835087225	0.00023948438553065808	63.12004344210511	73.22835602883467
6.892825446159158	88.11623168544189	7.270409594759497	93.23415265309632	0.00023948438553065808	62.93087727204704	72.83407395556972
6.89996538405785	87.68697577592678	7.2763620481567175	93.65373484347896	0.00023948438553065808	62.7329631884684	72.44199434934241
6.907046761212781	87.26003041814185	7.282200090079747	94.07196463662261	0.00023948438553065808	62.52574064981818	72.05209939465054
6.91408004450835	86.83538275490709	7.287930861438516	94.4887780111314	0.00023948438553065808	62.308655327018364	71.66437107519691
6.921075804386365	86.41302003607836	7.293561819632025	94.90410734327928	0.00023948438553065808	62.08118837960059	71.2787911859877
6.928044443005284	85.99292961958214	7.299100705372263	95.31788177077738	0.00023948438553065808	61.84289623315367	70.89534136415305
6.934995831722452	85.5750989721986	7.304555482139444	95.7300278578818	0.00023948438553065808	61.5934609081558	70.51400314419745
6.941938865183005	85.159515669933	7.3099342424037035	96.14047062653506	0.00023948438553065808	61.33274870877349	70.1347580428192
6.948880961111915	84.74616739779023	7.3152450770257325	96.54913499321408	0.00023948438553065808	61.060871824293365	69.75758767636442
6.955827561724231	84.33504194875975	7.3204959086898995	96.95594760231269	0.00023948438553065808	60.77824366626848	69.38247390997284
6.962781716660105	83.92612722184064	7.3256942967609815	97.36083897494939	0.00023948438553065808	60.485615855469796	69.00939903160331
6.9697438364689805	83.51941121899652	7.330847228544956	97.76374580853951	0.00023948438553065808	60.1840845179863	68.63834593734379
6.976711688833961	83.11488204102895	7.335960918461032	98.16461319056604	0.00023948438553065808	59.87505744316881	68.26929830861977
6.9836806650308985	82.7125278824812	7.341040639505522	98.5633964582356	0.00023948438553065808	59.56018158442769	67.90224075943756
