4.403050690422968	65.77256925106056	4.66251103273361	147.1693753862317	-5.005815338678141e-6	43.24343946594303	55.05410650299747
4.672745008162944	65.44811903617827	4.6782666088928195	147.36269279129743	-5.005815338678141e-6	0.9203158691486047	54.747614799356455
5.463445539344261	65.12553284077863	4.71140186036532	147.36272742590154	-5.005815338678141e-6	6.969074832121248e-5	54.42714502739956
6.776983956306266	64.80483494697239	4.7443462350191945	147.36272792470996	-5.005815338678141e-6	6.969074832121248e-5	54.1085483891472
8.606940015730695	64.48601430139146	4.777097765082651	147.3627284235184	-5.005815338678141e-6	6.969074832121248e-5	53.79181669937748
10.944362440694594	64.16905991531021	4.809657579397502	147.36272892232682	-5.005815338678141e-6	6.969074832121248e-5	53.47693904136299
13.777833741666868	63.85396086432632	4.842026800197808	147.36272942113527	-5.005815338678141e-6	6.969074832121248e-5	53.16390456227812
17.093498909263065	63.540706287984186	4.874206543148552	147.36272991994372	-5.005815338678141e-6	6.969074832121248e-5	52.85270247282507
20.875155025833163	63.229285389403245	4.906197917383826	147.36273041875216	-5.005815338678141e-6	6.969074832121248e-5	52.543322046864525
25.104311694780886	62.91968743490267	4.938002025545391	147.36273091756058	-5.005815338678141e-6	6.969074832121248e-5	52.23575262104277
29.76029809152841	62.61190175363208	4.969619963820603	147.36273141636903	-5.005815338678141e-6	6.969074832121248e-5	51.92998359442493
34.82035594123898	62.305917737206194	5.001052821979949	147.36273191517748	-5.005815338678141e-6	6.969074832121248e-5	51.626004428131935
40.259748855568326	62.00172483933616	5.0323016834149215	147.36273241398592	-5.005815338678141e-6	6.969074832121248e-5	51.323804644974274
46.051889254955704	61.6993125754666	5.0633676251753	147.36273291279437	-5.005815338678141e-6	6.969074832121248e-5	51.02337382909144
52.1684641621374	61.3986705224167	5.0942517180060225	147.3627334116028	-5.005815338678141e-6	6.969074832121248e-5	50.724701625595394
58.579574148443626	61.099788318018035	5.124955026384391	147.36273391041124	-5.005815338678141e-6	6.969074832121248e-5	50.42777774021067
65.13431598645225	61.04067901951404	5.155506477739744	147.09346145281182	124.04958786349414	6.969074832121248e-5	50.34700228988697
71.3460089036789	61.96770734466938	5.1862729358221245	145.7074884064801	284.19093913838185	6.969074832121248e-5	51.15444541337612
77.11421591291449	63.71791004285803	5.217765033494276	143.38334628313328	405.9486455337436	6.969074832121248e-5	52.70283334176937
82.40087811400434	66.07662538987528	5.250372274217833	140.35931829304465	494.674307778368	6.969074832121248e-5	54.79842623032225
87.18938265414067	68.86097462873173	5.28437534204585	136.83896990702866	555.4062866050302	6.969074832121248e-5	57.27621557359112
91.48124048117347	71.91772636311087	5.31996299747526	132.99337623745672	592.8337439581713	6.969074832121248e-5	59.997985014086375
95.2922930900254	75.12093530345692	5.35724775050605	128.963617851527	611.2532490644103	6.969074832121248e-5	62.85016896662263
98.64875903644042	78.36946405724395	5.396279949087223	124.86342617535475	614.5240730834402	6.969074832121248e-5	65.74160730464592
101.58372935928485	81.58403833706575	5.437060840623953	120.78236743225207	606.0512259023074	6.969074832121248e-5	68.60088062742528
104.13383764965562	84.70449416013716	5.479553692146439	116.78883098543403	588.7679673356213	6.969074832121248e-5	71.37382024143332
106.33662469163859	87.68695244749894	5.52369337875767	112.93311656799166	565.1415659605059	6.969074832121248e-5	74.02095411598337
108.22864618818986	90.50094916418499	5.569394684659985	109.25058591321097	537.2029229261185	6.969074832121248e-5	76.51491394551827
109.84399537318303	93.12694397846099	5.616558880375924	105.76440562020377	506.57729779633564	6.969074832121248e-5	78.83818477304986
111.21346990583375	95.55401599829514	5.665079022561606	102.48809267374865	474.5288890938069	6.969074832121248e-5	80.98102430246291
112.36422425182606	97.77779320197111	5.714844160977493	99.42780791102005	442.0130449215753	6.969074832121248e-5	82.93959373062513
113.31966504557093	99.79876998723385	5.765742410569731	96.58422339815854	409.7240754816395	6.969074832121248e-5	84.71443925825622
114.09965325166455	101.62088199923467	5.817663215468519	93.95410797071098	378.1445662117246	6.969074832121248e-5	86.30920611150128
114.72081895888968	103.25037256726537	5.870498908804077	91.53159100214513	347.58926739943416	6.969074832121248e-5	87.72961590852395
115.19694492229448	104.69491211161385	5.924145714591674	89.30914645336777	318.2434013102318	6.969074832121248e-5	88.98267242974997
115.53940538613021	105.9629110571891	5.978504353405763	87.27836261791278	290.196780651459	6.969074832121248e-5	90.07604207548073
115.75751154693046	107.06305616625342	6.0334802785856665	85.43046346769115	263.4683276737597	6.969074832121248e-5	91.01763593483606
115.85887714197467	108.00394911952337	6.088983729389605	83.75671647165278	238.02810469722192	6.969074832121248e-5	91.8152841352559
115.84974584463308	108.79385136520193	6.144929635168979	82.24872197046291	213.81496702994505	6.969074832121248e-5	92.476506063093
115.73518058238639	109.44056657310738	6.201237351038111	80.89854891096928	190.7458618738195	6.969074832121248e-5	93.00840470456717
115.51929020244934	109.95133061319409	6.257830387233535	79.69886214752165	168.72603096400871	6.969074832121248e-5	93.4175677711359
115.20540920874448	110.33274942781325	6.314636101386763	78.64299603131647	147.6563398026744	6.969074832121248e-5	93.71001200578989
114.79616447816879	110.59081440730115	6.371585318859132	77.72494121229909	127.43483343711084	6.969074832121248e-5	93.89119737697506
114.29359678697605	110.7308873269919	6.428612003902421	76.93936527757236	107.96087553155073	6.969074832121248e-5	93.96601380458537
113.69924910362005	110.75770451118758	6.485652933244796	76.2816116366651	89.13769772695429	6.969074832121248e-5	93.93878520535412
113.01344057121294	110.6754500287915	6.542647330814782	75.74762082850283	70.84818105995393	6.969074832121248e-5	93.81333576394324
111.82001822774376	110.46167805721369	6.599532743881878	75.3634436126477	41.16180615415421	6.969074832121248e-5	93.56950028228117
109.93946374985842	110.02929730948627	6.656214010733717	75.22853992220945	2.942151337862658e-6	6.969074832121248e-5	93.12890387275029
107.23102830022482	109.4805593660638	6.7125843225822495	75.22854036794298	2.942151337862658e-6	6.969074832121248e-5	92.58376130043406
103.54636815556694	108.93503353414447	6.768624662976369	75.22854081367653	2.942151337862658e-6	6.969074832121248e-5	92.04180979384537
98.9574370844835	108.39270101119847	6.824336963448681	75.22854125941005	2.942151337862658e-6	6.969074832121248e-5	91.5030306736487
93.5538546927426	107.85354310476242	6.879723144224972	75.22854170514358	2.942151337862658e-6	6.969074832121248e-5	90.9674053698538
87.44114780590048	107.31754123178762	6.934785114291152	75.22854215087712	2.942151337862658e-6	6.969074832121248e-5	90.43491542116823
80.7386839784736	106.78467691800532	6.989524771458468	75.22854259661065	2.942151337862658e-6	6.969074832121248e-5	89.90554247436677
73.57735785906551	106.25493179729081	7.043944002428819	75.22854304234417	2.942151337862658e-6	6.969074832121248e-5	89.37926828365968
66.0970273544946	105.72828761102413	7.098044682860437	75.22854348807772	2.942151337862658e-6	6.969074832121248e-5	88.85607471005763
58.443763165801435	105.20472620746604	7.151828677431992	75.22854393381124	2.942151337862658e-6	6.969074832121248e-5	88.33594372075164
50.76702804214992	104.68422954113335	7.205297839906755	75.22854437954477	2.942151337862658e-6	6.969074832121248e-5	87.81885738849269
43.21674878713692	104.1667796721708	7.258454013197132	75.2285448252783	2.942151337862658e-6	6.969074832121248e-5	87.30479789096754
35.94035442865653	103.65235876573782	7.311299029427653	75.22854527101184	2.942151337862658e-6	6.969074832121248e-5	86.7937475101896
29.079966129241367	103.14094909139489	7.363834709998015	75.22854571674537	2.942151337862658e-6	6.969074832121248e-5	86.28568863188933
22.76953543919881	102.63253302248631	7.416062865646482	75.2285461624789	2.942151337862658e-6	6.969074832121248e-5	85.78060374490101
17.132263187464584	102.12709303553774	7.467985296511787	75.22854660821243	2.942151337862658e-6	6.969074832121248e-5	85.2784754405642
12.278436919177848	101.62461170965314	7.519603792195065	75.22854705394596	2.942151337862658e-6	6.969074832121248e-5	84.77928641212466
8.30259244340655	101.12507172590836	7.570920131822163	75.2285474996795	2.942151337862658e-6	6.969074832121248e-5	84.28301945413196
5.354466787700467	100.62832202188453	7.529246304367411	76.2482867672287	2.942151337862658e-6	362.46332463228026	83.87304118695265
3.4719611829352717	100.13336584935308	7.268261460143653	79.67842052865058	2.942151337862658e-6	632.7167847225198	83.66225620649527
2.606965319467269	99.63931765050849	6.900345812101244	84.28376712181147	2.942151337862658e-6	715.5634872934522	83.54862327784465
2.652432655128073	99.14590243923837	6.534497853583754	88.86565385423908	2.942151337862658e-6	647.0109382637365	83.43369782491436
2.7745165110011016	98.65328837286705	6.215151674726053	92.93511571667338	2.942151337862658e-6	573.4392658086149	83.27760062895615
2.882808400748663	98.16170757490244	5.937493187766776	96.54484537492543	2.942151337862658e-6	509.11420302414183	83.08487782624863
2.979041294307371	97.67136160419352	5.696250263064729	99.75260849354902	2.942151337862658e-6	452.86823331401604	82.86046066768388
3.064729239462317	97.18242474836848	5.486816972936011	102.60887333204722	2.942151337862658e-6	403.68136076673875	82.60865565354304
3.1411950458153473	96.69504748226717	5.30516934556572	105.15773354381491	2.942151337862658e-6	360.66245514618515	82.33322354657817
3.2095946944959697	96.20935951727978	5.147791082936782	107.43772183316898	2.942151337862658e-6	323.0328032612584	82.03744903994894
3.270938158206868	95.72547240219697	5.011610202604686	109.48250395686561	2.942151337862658e-6	290.1120792540926	81.72420017981315
3.3261078538683413	95.24348182827575	4.893942883800011	111.32149381224804	2.942151337862658e-6	261.30591017640126	81.39598103105949
3.37587492524005	94.7634696631761	4.7924439172096145	112.980396191305	2.942151337862658e-6	236.09490384938377	81.05497814951963
3.420913132245594	94.28550568588479	4.7050644378903135	114.48166975815647	2.942151337862658e-6	214.02528946190958	80.70310022341872
3.4618111549578603	93.80964912356679	4.630014482588235	115.84493718189867	2.942151337862658e-6	194.70062645951882	80.34201319007104
3.499083454953749	93.33595000816875	4.565729937182492	117.08734718176163	2.942151337862658e-6	177.77448555924676	79.97317123512303
3.5331795411261195	92.86445033368189	4.5108443395847155	118.22388338750731	2.942151337862658e-6	162.94420493088901	79.59784323792567
3.5644921738100237	92.39518508075861	4.464163913494399	119.26763781030412	2.942151337862658e-6	149.94536180185221	79.21713618672479
3.5933646098367786	91.92818312149757	4.424645520743472	120.23005234452928	2.942151337862658e-6	138.54689033890529	78.8320158565355
3.620096783959963	91.46346799134608	4.39137785040696	121.1211248153021	2.942151337862658e-6	128.5469162622891	78.4433244512968
3.6449507792459475	91.00105857216722	4.363564771692351	121.94959132483491	2.942151337862658e-6	119.76907059552352	78.05179621664432
3.668155659856431	90.54096969563905	4.340510627158477	122.72308734518437	2.942151337862658e-6	112.05923307146395	77.65807123286567
3.6899115948394727	90.08321265808026	4.321607683492419	123.44828517795243	2.942151337862658e-6	105.282753296614	77.26270718431367
3.7103935057021107	89.6277956757785	4.306325031484516	124.13101554004037	2.942151337862658e-6	99.32199281819042	76.86618976963452
3.7297542900827017	89.17472428735235	4.294198775990745	124.7763750193934	2.942151337862658e-6	94.0741528391301	76.46894190212787
3.748127572857274	88.7240016970782	4.28482366397778	125.3888177785458	2.942151337862658e-6	89.4494203745405	76.07133156135201
3.7656301382838286	88.27562907836798	4.277845683213299	125.97223662609761	2.942151337862658e-6	85.36932934270149	75.67367873437388
3.7823640803199625	87.82960584203155	4.27295551859412	126.53003469396876	2.942151337862658e-6	81.76531156681594	75.27626155264663
3.7984186379811358	87.38592986519508	4.269882966938312	127.06518661600786	2.942151337862658e-6	78.57746001398554	74.87932152996135
3.8138718170562913	86.94459769352932	4.268392001921081	127.5802925851797	2.942151337862658e-6	75.75343599858788	74.48306819063835
3.8287918244491763	86.50560472006346	4.268276409216861	128.07762616494256	2.942151337862658e-6	73.24750264907023	74.08768316292517
3.843238292617195	86.06894533778079	4.269356060402813	128.5591751038765	2.942151337862658e-6	71.01969981872584	73.69332367331378
3.857263360906416	85.63461307433742	4.271473622346778	129.02667738018386	2.942151337862658e-6	69.03511542784995	73.3001256324243
3.8709126323065446	85.20260071121238	4.27449164570984	129.4816530935215	2.942151337862658e-6	67.2632407550054	72.90820636531791
3.884225990327072	84.77290038538796	4.27829007911869	129.9254316942057	2.942151337862658e-6	65.6774199863926	72.51766694258522
3.897238320015644	84.34550367905635	4.282764075046172	130.35917601715812	2.942151337862658e-6	64.25436435954438	72.12859423784731
3.9099801461443717	83.92040169897365	4.287822047761554	130.78390355478237	2.942151337862658e-6	62.97372212398667	71.74106274884004
3.9224781781870868	83.49758514417489	4.293384014928107	131.20050462287287	2.942151337862658e-6	61.817711311293124	71.3551361524749
3.934755791084828	83.07704436566935	4.299380134605672	131.60975838613092	2.942151337862658e-6	60.77079577459711	70.97086867663427
3.9468334509355136	82.65876941925117	4.3057494098568565	132.01234704782044	2.942151337862658e-6	59.8193983413469	70.58830631476998
3.9587290785772082	82.24275011055673	4.312438582350939	132.40886796921023	2.942151337862658e-6	58.951655816745	70.20748786324877
3.970458370157217	81.82897603475097	4.319401156865505	132.79984435521052	2.942151337862658e-6	58.157202972504436	69.82844583593317
3.9820350810796312	81.41743661163459	4.326596537232871	133.18573471929102	2.942151337862658e-6	57.42698121332971	69.45120727423611
3.993471268573171	81.00812111558761	4.333989288210002	133.56694096907566	2.942151337862658e-6	56.75307512726162	69.07579443907925
4.004777505444166	80.60101870191578	4.3415484850357	133.94381553144217	2.942151337862658e-6	56.12856845304529	68.702225420613
4.01596306947797	80.19611843015117	4.349247137093323	134.3166676659023	2.942151337862658e-6	55.54741645701505	68.33051467843083
4.027036105271991	79.79340928391443	4.3570616954672765	134.6857688590363	2.942151337862658e-6	55.00433688700396	67.96067350310587
4.038003766765565	79.39288018836831	4.364971619241334	135.0513575754888	2.942151337862658e-6	54.49471393375119	67.59271042263724
4.048872343576651	78.99452002564486	4.372958991075393	135.41364346919164	2.942151337862658e-6	54.014513104246596	67.22663156267552
4.059647368972764	78.59831764798363	4.381008188671156	135.77281098239544	2.942151337862658e-6	53.56020847085488	66.8624409543359
4.070333714910518	78.20426188925775	4.389105595589504	136.12902251365387	2.942151337862658e-6	53.12871863428737	66.50014080510685
4.080935676306701	77.81234157515092	4.397239344838104	136.48242122685997	2.942151337862658e-6	52.7173499430235	66.13973173902089
4.091457043075032	77.42254553181179	4.4053990996892125	136.833133452471	2.942151337862658e-6	52.32374795681981	65.78121300191255
4.101901163499925	77.03486259342927	4.413575860859738	137.18127079996748	2.942151337862658e-6	51.94585474775847	65.42458264195484
4.112271000448989	76.64928160890956	4.421761795484449	137.52693203160294	2.942151337862658e-6	51.581871027032946	65.06983766975267
4.1225691794360815	76.26579144754079	4.429950090888416	137.870204664506	2.942151337862658e-6	51.23022376317885	64.71697419518264
4.132798030880862	75.8843810039358	4.438134826020018	138.21116637933204	2.942151337862658e-6	50.88953771098239	64.36598754767219
4.142959627605718	75.50503920237661	4.446310857377595	138.54988627016058	2.942151337862658e-6	50.55861014976924	64.01687238288231
4.153055816904578	75.12775500048606	4.454473721454049	138.88642591345592	2.942151337862658e-6	50.236389279368076	63.66962277390302
4.163088248723805	74.75251739241706	4.462619549012571	139.22084030743014	2.942151337862658e-6	49.92195523591732	63.32423229135571
4.173058400675567	74.37931541164303	4.470744989001899	139.55317870582218	2.942151337862658e-6	49.61450324217846	62.98069407445178
4.182967599435894	74.0081381333015	4.4788471434729615	139.88348533116644	2.942151337862658e-6	49.31332919396763	62.63900089173773
4.192817039538106	73.638974676216	4.4869235104214065	140.21180000124014	2.942151337862658e-6	49.01781700167328	62.29914519440985
4.202607800059496	73.27181420465158	4.494971933041537	140.5381586852865	2.942151337862658e-6	48.727427351463085	61.96111916361295
4.212340858900226	72.90664592977417	4.5029905563070365	140.86259397997748	2.942151337862658e-6	48.44168808892487	61.6249147508716
4.222017105317274	72.54345911089584	4.5109777888613625	141.18513552721242	2.942151337862658e-6	48.16018577847123	61.29052371354488
4.231637351057151	72.18224305654157	4.518932269172672	141.50581038520832	2.942151337862658e-6	47.88255820704318	60.957937646278594
4.241202339885077	71.8229871253206	4.526852836568022	141.8246433461392	2.942151337862658e-6	47.60848796828049	60.6271480078855
4.250712755945179	71.46568072665515	4.534738505824557	142.14165721480924	2.942151337862658e-6	47.337696834352805	60.298146144892726
4.260169231188632	71.11031332138997	4.542588444597395	142.4568730562577	2.942151337862658e-6	47.06994075591683	59.97092331242604
4.269572351733954	70.75687442227255	4.550401954096667	142.7703104077684	2.942151337862658e-6	46.8050055815754	59.645470692050644
4.278922663444145	70.4053535943395	4.5581784521473905	143.08198746477478	2.942151337862658e-6	46.54270330499735	59.321779407380575
4.2882206768838556	70.0557404552224	4.565917458136357	143.39192124609846	2.942151337862658e-6	46.282868729873336	58.99984053791565
4.297466871565441	69.70802467536899	4.573618580122552	143.70012773548467	2.942151337862658e-6	46.0253566139749	58.679645130852954
4.306661699670367	69.36219597820272	4.5812815035437975	144.0066220056489	2.942151337862658e-6	45.770039166694644	58.361184211404726
4.315805589358187	69.01824414022772	4.588905981178744	144.3114183285762	2.942151337862658e-6	45.516803824549136	58.04444879193631
4.32489894760201	68.67615899107882	4.596491824549423	144.61453027003702	2.942151337862658e-6	45.265551345691584	57.72942987975651
4.333942162672474	68.33593041353134	4.6040388963930505	144.91597077238578	2.942151337862658e-6	45.016194141219046	57.41611848390866
4.34293560634735	67.99754834347385	4.611547103969028	145.215752228215	2.942151337862658e-6	44.76865479140248	57.104505621175804
4.351879635805871	67.66100276984535	4.619016393325041	145.51388654349904	2.942151337862658e-6	44.522864774317796	56.79458232118976
4.360774595287543	67.32628373454696	4.6264467442794155	145.81038519288808	2.942151337862658e-6	44.2787633531017	56.48633963087195
4.369620817568454	66.99338133232794	4.633838165959153	146.10525926891845	2.942151337862658e-6	44.03629658623943	56.17976861835056
4.378418625227639	66.66228571064926	4.641190692976492	146.39851952422464	2.942151337862658e-6	43.795416479264944	55.87486037628208
4.387168331755654	66.33298706953127	4.6485043820852345	146.6901764084918	2.942151337862658e-6	43.55608024271963	55.571606024726464
4.395870242541737	66.00547566138357	4.655779309206822	146.98024010136123	2.942151337862658e-6	43.31824963197041	55.26999671367306
4.420663489707859	65.67974182589312	4.663141387368004	147.26733647569245	2.942151337862658e-6	40.41305479781379	54.969910304977894
4.820161788810407	65.35580295123832	4.6852919986162105	147.38973068032212	2.942151337862658e-6	8.111398942774276e-5	54.65811797533554
5.741844966471447	65.03374415594692	4.718376172858362	147.38973120233774	2.942151337862658e-6	8.111398942774276e-5	54.33816935413414
7.184893072802425	64.7135705750905	4.751266684163102	147.38973172435337	2.942151337862658e-6	8.111398942774276e-5	54.020093595430396
9.142251997466744	64.39527117331228	4.783964666162535	147.38973224636896	2.942151337862658e-6	8.111398942774276e-5	53.70387973617126
11.604350318434339	64.07883497985071	4.8164712458530765	147.38973276838456	2.942151337862658e-6	8.111398942774276e-5	53.389516877475664
14.5591559592261	63.76425108816439	4.848787543633979	147.3897332904002	2.942151337862658e-6	8.111398942774276e-5	53.076994184261956
17.99222772238797	63.451508655555365	4.880914673346033	147.3897338124158	2.942151337862658e-6	8.111398942774276e-5	52.766300884873594
21.886778960896706	63.1405969027929	4.912853742310211	147.3897343344314	2.942151337862658e-6	8.111398942774276e-5	52.45742627070545
26.22377751861388	62.83150511374526	4.944605851365504	147.389734856447	2.942151337862658e-6	8.111398942774276e-5	52.15035969583795
30.982020873191324	62.52422263500985	4.976172094906904	147.38973537846263	2.942151337862658e-6	8.111398942774276e-5	51.845090576669655
36.13824905621018	62.21873887554306	5.007553560923436	147.38973590047823	2.942151337862658e-6	8.111398942774276e-5	51.541608391549545
41.66725957905319	61.915043306298706	5.038751331035301	147.38973642249383	2.942151337862658e-6	8.111398942774276e-5	51.23990268041781
47.54202440149463	61.6131254598646	5.069766480531203	147.38973694450945	2.942151337862658e-6	8.111398942774276e-5	50.93996304444483
53.73382676297572	61.31297493009888	5.100600078405716	147.38973746652505	2.942151337862658e-6	8.111398942774276e-5	50.64177914566985
60.21240058259299	61.01458137177508	5.131253187395742	147.38973798854065	2.942151337862658e-6	8.111398942774276e-5	50.345340706648386
66.71231688748432	61.17122812085218	5.161801198022401	146.87669904519024	167.91179326771828	8.111398942774276e-5	50.45894317372086
72.81686467395834	62.325532375004066	5.192700508432417	145.23244282348844	317.9191730350557	8.111398942774276e-5	51.47101969961444
78.46632784769727	64.24615918737194	5.224433724402977	142.7130691498366	430.91421428872417	8.111398942774276e-5	53.172725642314724
83.62828648129664	66.72661357070571	5.257361448159281	139.5479507353501	512.1719188422271	8.111398942774276e-5	55.37770461490703
88.29100634738757	69.59164876430454	5.291739839381425	135.93229866313985	566.6472119480483	8.111398942774276e-5	57.92784587830945
92.4599465679589	72.69510099366978	5.327737180049204	132.0294268966115	598.9347268330807	8.111398942774276e-5	60.69131875100989
96.15385342562068	75.91755890066983	5.365449045506859	127.97321894166727	613.2210586713152	8.111398942774276e-5	63.56045932897601
99.40106081865454	79.16354654548664	5.404912487152203	123.8711550449255	613.258020738499	8.111398942774276e-5	66.44921987237372
102.23578338798397	82.35887348324128	5.44611825748743	119.80717213157526	602.3306156347045	8.111398942774276e-5	69.29077047365247
104.69506832111466	85.44776365067139	5.48902161843488	115.84478927195728	583.2516691407825	8.111398942774276e-5	72.03490273174496
106.81642045188494	88.3898959495642	5.533551810679947	112.03034765951267	558.3795428340388	8.111398942774276e-5	74.64535508007627
108.63585483084798	91.1577876542079	5.57961967864173	108.3958834856857	529.6384117528075	8.111398942774276e-5	77.09744862663653
110.18668068166629	93.73428176640776	5.62712397766233	104.96189784967325	498.55755534730497	8.111398942774276e-5	79.37581782769895
111.49882852330204	96.11024977417784	5.675956471067129	101.73989657344026	466.32058061596183	8.111398942774276e-5	81.47233630910911
112.59849109983001	98.28269236442532	5.726005735564448	98.73449453699011	433.812095351735	8.111398942774276e-5	83.38440236834347
113.5081631033922	100.25308691481303	5.777160054963888	95.94525118165818	401.6689878721741	8.111398942774276e-5	85.11344762148605
114.24686113555025	102.02603978310673	5.829309497110128	93.36817057687765	370.3279322316993	8.111398942774276e-5	86.66372097837565
114.83045781384013	103.60822489341818	5.882347311204368	90.99688544718906	340.0676767158941	8.111398942774276e-5	88.04133115514792
115.27210758818889	105.00754271019844	5.936170835258523	88.82359754963164	311.04743300584795	8.111398942774276e-5	89.2534881756219
115.58261527125171	106.23252204899855	5.990681964782952	86.83974847201881	283.3361707107787	8.111398942774276e-5	90.30796403983423
115.77083707260931	107.29185263755035	6.045787372465897	85.03654542244287	256.93893473519665	8.111398942774276e-5	91.21267140998636
115.84403640059277	108.19405575817933	6.101398518264916	83.40533329234292	231.81760768533246	8.111398942774276e-5	91.97536688280614
115.80811596897763	108.94730340283868	6.157431461876897	81.93780107414607	207.90342355580242	8.111398942774276e-5	92.60348823510107
115.6678871242926	109.55925932785652	6.213806643988934	80.62616387564348	185.1099456860184	8.111398942774276e-5	93.10401142690809
115.42727021610996	110.0369919543573	6.270448596908294	79.46326452558463	163.34177796833887	8.111398942774276e-5	93.48337239409855
115.08938929070094	110.38696697379322	6.327285576569707	78.44258597734651	142.49765842758305	8.111398942774276e-5	93.74746071821974
114.65672169289024	110.61501334104943	6.384249241045874	77.55829327310916	122.47602312252548	8.111398942774276e-5	93.90158927928283
114.1311922893547	110.72632471177697	6.4412743127095	76.80523563588716	103.17781784182642	8.111398942774276e-5	93.95049585501609
113.51419781854082	110.72550166061872	6.498298211779931	76.17890279392125	84.50595664014078	8.111398942774276e-5	93.8983814854407
112.78004273210715	110.6168976676571	6.555260927867136	75.67503542900863	65.54986289856286	8.111398942774276e-5	93.74922228809942
111.39524444807661	110.35827742046503	6.612096386348631	75.34208626503923	31.423255721639766	8.111398942774276e-5	93.46502795866377
109.34336929007924	109.8737157961569	6.668697859163706	75.26702469954157	5.904444046602981e-6	8.111398942774276e-5	92.97749363693117
106.38552530296805	109.3258700157991	6.724976516397369	75.2670252017756	5.904444046602981e-6	8.111398942774276e-5	92.43323738684877
102.46782748106239	108.78123112451966	6.780925738662073	75.26702570400963	5.904444046602981e-6	8.111398942774276e-5	91.89216701428647
97.66678074261134	108.23978035036002	6.836547454349925	75.26702620624366	5.904444046602981e-6	8.111398942774276e-5	91.35426387027971
92.0761482534183	107.70149903124708	6.891843580564798	75.26702670847767	5.904444046602981e-6	8.111398942774276e-5	90.81950941502944
85.80510789427625	107.16636861434539	6.946816023188878	75.2670272107117	5.904444046602981e-6	8.111398942774276e-5	90.28788521725846
78.97611906225517	106.63437065542357	7.001466676947754	75.26702771294575	5.904444046602981e-6	8.111398942774276e-5	89.75937295358216
71.72255065631249	106.10548681821683	7.055797425475898	75.26702821517976	5.904444046602981e-6	8.111398942774276e-5	89.23395440787505
64.18605861783348	105.57969887379087	7.109810141382017	75.2670287174138	5.904444046602981e-6	8.111398942774276e-5	88.71161147063896
56.513808868167736	105.05698869991942	7.163506686312991	75.26702921964782	5.904444046602981e-6	8.111398942774276e-5	88.1923261383845
48.85564171486128	104.53733828045793	7.216888911018215	75.26702972188185	5.904444046602981e-6	8.111398942774276e-5	87.6760805130091
41.3611143607174	104.02072970471852	7.269958655413807	75.26703022411589	5.904444046602981e-6	8.111398942774276e-5	87.16285680117575
34.17656878406695	103.50714516685832	7.322717748645444	75.26703072634992	5.904444046602981e-6	8.111398942774276e-5	86.65263731370561
27.442339027967826	102.99656696526428	7.375168009151556	75.26703122858395	5.904444046602981e-6	8.111398942774276e-5	86.14540446496675
21.289885948134557	102.48897750193886	7.427311244726438	75.26703173081798	5.904444046602981e-6	8.111398942774276e-5	85.64114077226378
15.83937949584739	101.9843592818991	7.479149252581973	75.267032233052	5.904444046602981e-6	8.111398942774276e-5	85.13982885524099
11.197422916998233	101.48269491257228	7.530683819409726	75.26703273528604	5.904444046602981e-6	8.111398942774276e-5	84.64145143528192
7.454676701019194	100.9839670864687	7.581670467238561	75.26974205266592	5.904444046602981e-6	21.165717893650385	84.14621317047794
4.789783658764493	100.48786239773966	7.478590329004251	76.96422187150715	5.904444046602981e-6	448.13453523038237	83.79213699886105
3.1564522429219983	99.99327117344023	7.180301300397771	80.80428926963677	5.904444046602981e-6	670.6415997697181	83.61528817391245
2.5632899679757184	99.49946349951166	6.8034474415626915	85.50768438836194	5.904444046602981e-6	706.6930024549183	83.50992437653092
2.6827380954985856	99.00630484238674	6.4489583093516085	89.964334125235	5.904444046602981e-6	627.7034591659267	83.38499687660855
2.8012024490714786	98.5140075404913	6.140547778931492	93.91314591099813	5.904444046602981e-6	556.5576451670918	83.21933311852267
2.906329494586409	98.02279613887694	5.8724417819611805	97.41738076149578	5.904444046602981e-6	494.3521380862181	83.01833725848299
2.9997947014681787	97.53286503485737	5.639543168459647	100.53288765755477	5.904444046602981e-6	439.95816802233423	82.78677645621448
3.08306205131067	97.04438228325452	5.437398366753116	103.30846598563781	5.904444046602981e-6	392.3894760974972	82.52881433919079
3.1574105412365467	96.55749290732679	5.262116730141217	105.78674898316703	5.904444046602981e-6	350.78445500786785	82.24808664611346
3.2239578061123138	96.07232184971919	5.1102986512840385	108.00499114569259	5.904444046602981e-6	314.3902310523769	81.9477686472392
3.28368042469606	95.58897650910357	4.978973767838955	109.99574509848414	5.904444046602981e-6	282.5489807142386	81.63063310023874
3.3374315923498616	95.10754894780138	4.865547182003631	111.78745068694418	5.904444046602981e-6	254.68602179938443	81.29910068990822
3.3859568758509533	94.62811785977712	4.767751516497361	113.40496013698056	5.904444046602981e-6	230.29919696482418	80.95528499394607
3.429907761417979	94.1507502629172	4.683605686092892	114.86998965588144	5.904444046602981e-6	208.9497443029083	80.6010311502925
3.469853439191125	93.67550297097597	4.611379035861564	116.20151224831964	5.904444046602981e-6	190.2543563021626	80.23794949109438
3.5062913108436597	93.2024239059845	4.549559365106036	117.4161079700708	5.904444046602981e-6	173.87809923415216	79.86744553232327
3.53965602867239	92.73155322718382	4.496825420204862	118.52826523102847	5.904444046602981e-6	159.52832211250143	79.49074577205344
3.5703273537300806	92.26292431241487	4.45202298127449	119.55064273295149	5.904444046602981e-6	146.94936144782426	79.10892011814481
3.598637163809394	91.79656463328612	4.414143535950705	120.4943030689286	5.904444046602981e-6	135.91781888064125	78.7229018894917
3.624875484224548	91.3324965082516	4.382305926931059	121.36891374943373	5.904444046602981e-6	126.23849730817459	78.33350502821703
3.6492957277960105	90.87073775689268	4.355740406020767	122.1829218684825	5.904444046602981e-6	117.74086989454891	77.9414390548399
3.672119368762596	90.41130228347076	4.333774410815973	122.94370990070199	5.904444046602981e-6	110.27593053265244	77.54732240779745
3.693539966453885	89.95420057924085	4.3158203201556855	123.65772982374497	5.904444046602981e-6	103.71348247405619	77.15169392710409
3.713726659448169	89.49944015861429	4.301364820958584	124.3306195902211	5.904444046602981e-6	97.93978377549196	76.7550228267172
3.7328272827850557	89.04702594822197	4.289959422156804	124.967307034784	5.904444046602981e-6	92.85544675238073	76.35771759105005
3.750971052517061	88.59696062192307	4.281212285276585	125.57209935918418	5.904444046602981e-6	88.37362898367661	75.96013363661879
3.7682708957152733	88.14924489152351	4.27478113395032	126.14876079912459	5.904444046602981e-6	84.41846322959704	75.562579961778
3.7848255294520086	87.70387776612807	4.270366927326593	126.70058192368244	5.904444046602981e-6	80.92365650285345	75.16532508000168
3.800721251905756	87.26085677552705	4.267708409531525	127.23043933880736	5.904444046602981e-6	77.83128312805066	74.76860213152784
3.8160334960837656	86.82017816393147	4.266577381516617	127.74084747807433	5.904444046602981e-6	75.0907377625645	74.3726133174912
3.8308282163671956	86.38183706281755	4.266774481650956	128.23400482085535	5.904444046602981e-6	72.65780107104932	73.97753385690719
3.84516308351828	85.94582763984252	4.26812554918965	128.7118337258915	5.904444046602981e-6	70.49383446898402	73.58351539698491
3.859088520757742	85.51214322791085	4.270478471386685	129.1760149672069	5.904444046602981e-6	68.56508196191302	73.19068896984194
3.872648628497197	85.08077644032568	4.273700369446329	129.62801855852206	5.904444046602981e-6	66.84204701527788	72.79916763142319
3.8858819816364703	84.65171927002045	4.277675172276855	130.06913032983115	5.904444046602981e-6	65.29895529715338	72.4090487367063
3.8988223204607273	84.22496317550407	4.282301514033971	130.50047495730638	5.904444046602981e-6	63.91328911929653	72.02041591123466
3.9114991673736768	83.80049915753692	4.287490857355598	130.92303652107137	5.904444046602981e-6	62.66537185407611	71.6333408109745
3.9239383588473324	83.3783178252156	4.293165874604196	131.3376762368599	5.904444046602981e-6	61.538009483233076	71.2478846401908
3.9361625061423164	82.95840945316574	4.299259045869366	131.74514781335938	5.904444046602981e-6	60.5161801449307	70.86409946603311
3.948191406626305	82.54076403255925	4.305711407307462	132.14611116282566	5.904444046602981e-6	59.586756970615255	70.48202939211906
3.9600423986869187	82.12537131508616	4.312471471130869	132.5411442315128	5.904444046602981e-6	58.73826893108083	70.10171157113122
3.971730668962408	81.71222085097598	4.319494290700097	132.93075324069576	5.904444046602981e-6	57.96069381337056	69.72317708132996
3.9832695266627343	81.30130202290466	4.326740625764618	133.31538183070663	5.904444046602981e-6	57.24527337406979	69.34645170913551
3.994670640365546	80.89260407521449	4.334176221897602	133.69541895413371	5.904444046602981e-6	56.58435377909856	68.97155662461014
4.00594424289439	80.48611613915345	4.341771187060103	134.07120570509517	5.904444046602981e-6	55.97124755137469	68.59850896585019
4.017099314272388	80.08182725537252	4.349499434884879	134.4430414176951	5.904444046602981e-6	55.40011029250453	68.2273223608
4.028143739712039	79.67972639330536	4.357338203928593	134.81118893235015	5.904444046602981e-6	54.86583422651486	67.85800737781724
4.039084446240764	79.27980246788592	4.365267641937667	135.17587914997432	5.904444046602981e-6	54.363956139906286	67.49057191526902
4.049927524719282	78.88204435443818	4.373270434566031	135.53731509925825	5.904444046602981e-6	53.8905751648806	67.12502154943468
4.06067833525292	78.4864409014925	4.381331484630334	135.8956754503795	5.904444046602981e-6	53.442281753324885	66.76135983501129
4.071341598303374	78.09298094182236	4.38943763487992	136.25111755206134	5.904444046602981e-6	53.016096286513346	66.39958856481334
4.081921476067872	77.7016533022624	4.397577420384725	136.60378014421124	5.904444046602981e-6	52.60941424323132	66.03970800169192
4.092421642810782	77.3124468121475	4.4057408545422545	136.95378570230827	5.904444046602981e-6	52.2199588123344	65.68171707892397
4.102845345624719	76.92535031056306	4.413919244208239	137.30124246277285	5.904444046602981e-6	51.8457399543423	65.32561357329297
4.113195458706491	76.54035265278259	4.422105024562743	137.64624623216523	5.904444046602981e-6	51.48501783313103	64.97139425965786
4.123474530284012	76.15744271578802	4.430291616340303	137.98888195141592	5.904444046602981e-6	51.13627119980414	64.61905504454784
4.133684823138088	75.77660940299684	4.438473302551044	138.32922504655178	5.904444046602981e-6	50.79817009258164	64.26859108148305
4.143828350802675	75.39784164844689	4.446645118353033	138.66734263537134	5.904444046602981e-6	50.46955144881559	63.91999687395877
4.153906908876489	75.02112842037118	4.454802755801375	139.00329457116516	5.904444046602981e-6	50.149398011236784	63.57326636447765
4.16392210204815	74.6464587242442	4.462942481640901	139.33713434355383	5.904444046602981e-6	49.836820122547884	63.22839301135467
4.1738753682414025	74.27382160546601	4.4710610638631065	139.66890988332895	5.904444046602981e-6	49.5310394607064	62.885369857300255
4.183767999508416	73.90320615164086	4.479155708159045	139.99866425889604	5.904444046602981e-6	49.231374965527245	62.5441895887227
4.193601160054592	73.53460149450427	4.487224003100723	140.32643627710192	5.904444046602981e-6	48.937230698110966	62.204844586850385
4.203375902344061	73.16799681160813	4.49526387116348	140.6522610200842	5.904444046602981e-6	48.648084993658905	61.8673269733739
4.213093181042013	72.80338132773612	4.503273526331083	140.97617031001596	5.904444046602981e-6	48.363481071934125	61.53162864991479
4.222753865037544	72.4407443160862	4.511251437541394	141.29819310986696	5.904444046602981e-6	48.08301894106444	61.19774133202269
4.2323587481872895	72.0800750992911	4.519196296025054	141.61835588152513	5.904444046602981e-6	47.80634816338358	60.8656565795193
4.241908558620171	71.72136305025963	4.527106987022887	141.93668289595453	5.904444046602981e-6	47.533161590875395	60.53536582273614
4.251403966757727	71.36459759286409	4.53498256541123	142.25319650053973	5.904444046602981e-6	47.263189966006514	60.20686038509301
4.2608455924818145	71.0097682025196	4.542822233922109	142.5679173580093	5.904444046602981e-6	46.99619709713834	59.88013150324133
4.27023401134521	70.6568644066435	4.550625324276062	142.88086465345583	5.904444046602981e-6	46.731975678897996	59.55517034447552
4.279569759922762	70.3058757850148	4.558391280929582	143.19205627270756	5.904444046602981e-6	46.47034369155938	59.23196802169874
4.28885334059424	69.95679197006031	4.566119646552244	143.50150896175685	5.904444046602981e-6	46.211141183423216	58.91051560676436
4.298085225690531	69.60960264706155	4.57381004944124	143.8092384649665	5.904444046602981e-6	45.95422748220768	58.590804142000614
4.307265861064772	69.2642975542966	4.581462192685152	144.11525964410788	5.904444046602981e-6	45.69947879381947	58.27282465010074
4.316395669284678	68.92086648313268	4.5890758444807584	144.41958658477142	5.904444046602981e-6	45.44678605643607	57.956568142929996
4.325475052401368	68.57929927806595	4.596650829738554	144.7222326886611	5.904444046602981e-6	45.19605307995355	57.642025629124106
4.33450439433343	68.23958583671993	4.604187022858457	145.02321075306315	5.904444046602981e-6	44.94719494459386	57.32918812059624
4.34348406299846	67.90171610981056	4.6116843412742075	145.3225330418975	5.904444046602981e-6	44.70013656971393	57.018046638321366
4.352414412162907	67.56568010107615	4.619142739854961	145.62021134737907	5.904444046602981e-6	44.454811472431714	56.70859221731672
4.361295783034475	67.23146786718172	4.6265622060896705	145.91625704309797	5.904444046602981e-6	44.21116069962193	56.40081591089407
4.370128505686171	66.89906951760054	4.633942755783928	146.2106811314879	5.904444046602981e-6	43.969131873382025	56.094708794429714
4.378912900292999	66.56847521447233	4.6412844293270155	146.5034942850488	5.904444046602981e-6	43.72867836275863	55.79026196859971
4.387649278196364	66.2396751724464	4.648587288482513	146.7947068818276	5.904444046602981e-6	43.48975857144732	55.48746656212995
4.396337942856269	65.91265965850911	4.655851413520599	147.08432903715777	5.904444046602981e-6	43.25233530114424	55.18631373422422
4.471746479673093	65.58741983118541	4.664243506990972	147.35953701385947	5.904444046602981e-6	32.08292807673584	54.88574443621153
5.001160111089991	65.26399587591382	4.691990926834295	147.41978446503984	5.904444046602981e-6	8.30724710549476e-5	54.569373827999875
6.053652646052978	64.9424599999963	4.725021383604698	147.41978498035223	5.904444046602981e-6	8.30724710549476e-5	54.24994469945219
7.625956857336085	64.622806277538	4.757858491883381	147.4197854956646	5.904444046602981e-6	8.30724710549476e-5	53.93238539248193
9.710390434549272	64.30502369109921	4.7905033834618775	147.41978601097696	5.904444046602981e-6	8.30724710549476e-5	53.61668496183573
12.296755613507298	63.98910128773189	4.822957183506668	147.41978652628933	5.904444046602981e-6	8.30724710549476e-5	53.302832526329325
15.372419562812091	63.67502817860414	4.855221010597759	147.41978704160172	5.904444046602981e-6	8.30724710549476e-5	52.990817268474515
18.92234114448433	63.36279353862131	4.887295976767597	147.4197875569141	5.904444046602981e-6	8.30724710549476e-5	52.68062843410274
22.929171607694556	63.05238660605542	4.919183187539151	147.41978807222645	5.904444046602981e-6	8.30724710549476e-5	52.372255331996946
27.373324832594342	62.74379668217532	4.950883741963892	147.41978858753882	5.904444046602981e-6	8.30724710549476e-5	52.06568733352411
32.23307416819895	62.43701313087422	4.982398732660063	147.41978910285118	5.904444046602981e-6	8.30724710549476e-5	51.760913872265306
37.48466680396845	62.132025378305705	5.013729245850068	147.41978961816358	5.904444046602981e-6	8.30724710549476e-5	51.45792444365402
43.102431403323486	61.828822912520394	5.044876361397798	147.41979013347594	5.904444046602981e-6	8.30724710549476e-5	51.15670860461525
49.05890670931217	61.52739528309998	5.075841152846226	147.4197906487883	5.904444046602981e-6	8.30724710549476e-5	50.85725597320187
55.32497736313997	61.22773210079986	5.106624687454114	147.41979116410067	5.904444046602981e-6	8.30724710549476e-5	50.559556228239714
61.86466545966784	60.94105837368149	5.137228303869772	147.40709269517225	27.9880857134754	8.30724710549476e-5	50.27372078361445
68.27432610081678	61.366287759550204	5.167807251333902	146.59021506703516	209.3344873886342	8.30724710549476e-5	50.629261719114076
74.26852838662505	62.734097741065575	5.198870993280721	144.7028886265078	349.528193579328	8.30724710549476e-5	51.83353761061728
79.7975105581295	64.81329977638943	5.230869887741313	142.00140248752533	454.06698558480053	8.30724710549476e-5	53.67786476454815
84.83432513674727	67.40545461107101	5.264136688154446	138.7063327197907	528.1475838858977	8.30724710549476e-5	55.98316929992511
89.37188263940281	70.34284843107018	5.298903980124473	135.00463749152135	576.6373924512422	8.30724710549476e-5	58.59814815400542
93.41930571429668	73.4863132674152	5.3353203547848675	131.05194210518715	604.0300663466618	8.30724710549476e-5	61.39729091227986
96.99813445104039	76.7226549634613	5.373465526770606	126.97527909681193	614.4084615193166	8.30724710549476e-5	64.27854904206397
100.13845966905222	79.96202788619328	5.413363826032664	122.87590640224215	611.4070159217363	8.30724710549476e-5	67.1609586127576
102.8754334040687	83.1351794062601	5.4549960718926656	118.83229048010664	598.189507283847	8.30724710549476e-5	69.98214714807904
105.24646953071674	86.19042268504269	5.498310268799615	114.90340940910586	577.4559572191633	8.30724710549476e-5	72.69559677139044
107.28881777116084	89.0909204710305	5.543230369485662	111.13172580339312	551.4514255360206	8.30724710549476e-5	75.26818928067131
109.03788771745026	91.8120292704504	5.589663615267368	107.54610715644988	521.9957027138852	8.30724710549476e-5	77.67780689656156
110.52621745617124	94.33877805148165	5.63750662680145	104.16460790700967	490.5284590075129	8.30724710549476e-5	79.91105533755001
111.78279712032895	96.66375360340834	5.6866500458239635	100.99680792408485	458.15282604481666	8.30724710549476e-5	81.9613545563826
112.83287785425512	98.78522604415382	5.736982136596282	98.04589106754696	425.6864106866555	8.30724710549476e-5	83.82724676356563
113.69806057193286	100.7055663663191	5.788391477129419	95.31040375763568	393.71193782339657	8.30724710549476e-5	85.51096836863964
114.39653094613669	102.42999184527916	5.8407688253428525	92.78565213606305	362.6223891944203	8.30724710549476e-5	87.01731803597893
114.94345183188425	103.965546429997	5.894008401419174	90.46484011849236	332.6637922559265	8.30724710549476e-5	88.352736962683
115.35133979520504	105.32034637963771	5.948008648608861	88.3399134563118	303.9694896401716	8.30724710549476e-5	89.52462858651275
115.63047652980804	106.50299663025575	6.00267265468556	86.40221460626974	276.59029218517077	8.30724710549476e-5	90.54083241042386
115.78930631029158	107.52215898935484	6.057908316876325	84.64296885638936	250.51960798469938	8.30724710549476e-5	91.409234840071
115.83470731504732	108.38629612350593	6.1136282568629765	83.05357455494546	225.70942224544632	8.30724710549476e-5	92.13753861859752
115.77229152421693	109.10346065010455	6.169749663540546	81.62584316643573	202.08577626274885	8.30724710549476e-5	92.73307296086874
115.6066488854217	109.68116159164613	6.226194050159377	80.3521528496866	179.56021322223955	8.30724710549476e-5	93.20267346079916
115.34146755002864	110.1263311196413	6.282886904678907	79.22548988333722	158.03442948320202	8.30724710549476e-5	93.55265244591234
114.9797039289615	110.44527319992928	6.339757373894914	78.23951017123574	137.4069839875925	8.30724710549476e-5	93.78875299642763
114.5237046550172	110.6436473649715	6.396737930766631	77.38856123914914	117.57748583648562	8.30724710549476e-5	93.91613462541007
113.9752398949762	110.72650682223936	6.453763998324664	76.66764330929809	98.44644894833878	8.30724710549476e-5	93.93940794947297
113.33559673547796	110.69829873427094	6.510773633043334	76.07241246679705	79.9181134474348	8.30724710549476e-5	93.86263522633145
112.47299692939818	110.55790366752397	6.567706527906247	75.60479704872905	58.03312134643988	8.30724710549476e-5	93.68486228794418
110.91859968408123	110.24390865524546	6.62448886683981	75.33500568433459	20.445174890729767	8.30724710549476e-5	93.35082863820357
108.67461815806487	109.72088584261931	6.681006106987967	75.30433182097242	-1.6713846525315385e-5	8.30724710549476e-5	92.82872048255105
105.47131185008914	109.17391653625316	6.73719471151897	75.30433248732513	-1.6713846525315385e-5	8.30724710549476e-5	92.2853349772383
101.3257718222156	108.63014898832793	6.793054408137406	75.30433315367783	-1.6713846525315385e-5	8.30724710549476e-5	91.74513025242419
96.31895243952441	108.08956445691634	6.848587122150352	75.30433382003055	-1.6713846525315385e-5	8.30724710549476e-5	91.20808768897865
90.54863175215299	107.55214430980313	6.903794767594465	75.30433448638325	-1.6713846525315385e-5	8.30724710549476e-5	90.67418877676484
84.12750123467842	107.01787002383625	6.958679247302634	75.30433515273596	-1.6713846525315385e-5	8.30724710549476e-5	90.14341511399454
77.18095274438811	106.48672318429112	7.013242452969297	75.30433581908868	-1.6713846525315385e-5	8.30724710549476e-5	89.61574840659652
69.84464259105924	105.95868548423934	7.067486265215279	75.30433648544138	-1.6713846525315385e-5	8.30724710549476e-5	89.09117046758952
62.26184901039002	105.43373872391194	7.121412553653211	75.30433715179409	-1.6713846525315385e-5	8.30724710549476e-5	88.5696632164496
54.58064733020747	104.9118648100743	7.175023176951742	75.3043378181468	-1.6713846525315385e-5	8.30724710549476e-5	88.05120867848908
46.951038262301324	104.39304575540602	7.2283199828992375	75.30433848449951	-1.6713846525315385e-5	8.30724710549476e-5	87.53578898424063
39.522032306057945	103.87726367787542	7.281304808468044	75.30433915085221	-1.6713846525315385e-5	8.30724710549476e-5	87.02338636883576
32.43869062110014	103.36450080012514	7.333979479877598	75.30433981720493	-1.6713846525315385e-5	8.30724710549476e-5	86.51398317139447
25.839360433688757	102.85473944886304	7.386345812657006	75.30434048355764	-1.6713846525315385e-5	8.30724710549476e-5	86.00756183442013
19.852915260772217	102.34796205424753	7.438405611708172	75.30434114991034	-1.6713846525315385e-5	8.30724710549476e-5	85.50410490318889
14.59616066023162	101.84415114928386	7.49016067136783	75.30434181626306	-1.6713846525315385e-5	8.30724710549476e-5	85.00359502514986
10.172083652977705	101.34328936922593	7.541612775468989	75.30434248261577	-1.6713846525315385e-5	8.30724710549476e-5	84.50601494933088
6.679871400293917	100.845352504825	7.579334931816689	75.45206741956407	-1.6713846525315385e-5	149.91065717270047	84.02343925496275
4.287689430573653	100.34979563107514	7.415733361870227	77.81166395631251	-1.6713846525315385e-5	521.3407238016674	83.72438042270744
2.905162505454846	99.8555109857238	7.087305429637046	81.9829128601245	-1.6713846525315385e-5	697.0238892826053	83.57495996043885
2.5818382077258937	99.36192330432225	6.70858146289504	86.70663057427032	-1.6713846525315385e-5	687.7906111137629	83.47147913642124
2.7134266385412276	98.86902401188203	6.366262382081963	91.0291166636716	-1.6713846525315385e-5	608.8060258423609	83.3358212881085
2.828348327460815	98.37704548499516	6.068554452208866	94.85983962765785	-1.6713846525315385e-5	540.0344227102468	83.16080273224024
2.9303777212251694	97.88620432637698	5.809797244671901	98.26081941980298	-1.6713846525315385e-5	479.9033224933603	82.95171809162653
3.021133975213588	97.39668791982096	5.585064978592602	101.2860278860836	-1.6713846525315385e-5	427.3219024820739	82.71317382092677
3.1020320365224108	96.90865821602236	5.390053298743965	103.98262992971104	-1.6713846525315385e-5	381.3369456224972	82.44919361917005
3.174308089012136	96.42225491127968	5.221001842807758	106.39183167936854	-1.6713846525315385e-5	341.1156942181753	82.16329105267774
3.2390422081147565	95.9375982775801	5.07462529971623	108.54963564945588	-1.6713846525315385e-5	305.9305838524837	81.85853421429209
3.2971782650478336	95.454791649019	4.948052838428786	110.48750421389178	-1.6713846525315385e-5	275.1458308157303	81.53760253206359
3.34954090013151	94.97392354203934	4.838776455831617	112.23292538334768	-1.6713846525315385e-5	248.20599453558938	81.20283521280008
3.3968506292296676	94.49506954242143	4.744605005797949	113.80991635328625	-1.6713846525315385e-5	224.6257980136183	80.8562743573188
3.439737121533453	94.01829396379475	4.663623793106008	115.23946609674577	-1.6713846525315385e-5	203.9811805143306	80.49970285647667
3.478750521846049	93.54365126183669	4.594160118208378	116.5399127738323	-1.6713846525315385e-5	185.9016679792931	80.13467670597178
3.5143715236573403	93.07118729239413	4.5347526235199265	117.72727950087537	-1.6713846525315385e-5	170.0635852293358	79.76255375574286
3.5470202265050745	92.60094041770874	4.484124339289927	118.81556959579984	-1.6713846525315385e-5	156.18408738304694	79.38451898956683
3.5770636887270966	92.1329424496523	4.441159699578083	119.81701833653392	-1.6713846525315385e-5	144.0160703940691	79.00160608114828
3.6048226442269238	91.66721948851331	4.404884102253187	120.74231685319482	-1.6713846525315385e-5	133.343644923282	78.61471656419866
3.6305774110294835	91.20379266080194	4.374445928486085	121.60080907994681	-1.6713846525315385e-5	123.9781548283383	78.22463669578039
3.654572929536217	90.74267874832697	4.349101210686594	122.40065969683793	-1.6713846525315385e-5	115.75478211063424	77.83205183571239
3.6770232412741617	90.28389074736887	4.328200003094274	123.14900342143609	-1.6713846525315385e-5	108.52952888892337	77.43755922907657
3.6981154303507235	89.82743836071903	4.311174387430237	123.85207639065483	-1.6713846525315385e-5	102.17656143215676	77.04167925521547
3.718012984378241	89.37332841719572	4.297528245181518	124.51532819157207	-1.6713846525315385e-5	96.58594538611773	76.64486501983295
3.7368587809006475	88.92156524437087	4.286828169534111	125.14352140898562	-1.6713846525315385e-5	91.66163335781538	76.24751087823167
3.754777716632143	88.47215099666604	4.278695464278649	125.74081926670215	-1.6713846525315385e-5	87.31969319332248	75.8499599390881
3.7718789494852905	88.02508593507851	4.272799321050378	126.31086036180704	-1.6713846525315385e-5	83.48679717975284	75.45251046308876
3.788257889912533	87.58036867558725	4.268850759442835	126.85682504271514	-1.6713846525315385e-5	80.09888017395527	75.05542154607639
3.803997954793924	87.13799640788805	4.266597289726507	127.38149387209485	-1.6713846525315385e-5	77.09995774100206	74.6589181244702
3.8191720630769335	86.69796508187117	4.265818361450637	127.88729748152849	-1.6713846525315385e-5	74.44111831452207	74.26319524362245
3.8338439635947363	86.2602695731324	4.2663213227489445	128.37636083212192	-1.6713846525315385e-5	72.0796284446063	73.86842184719264
3.8480694050288258	85.82490382875814	4.267937860022273	128.85054221325822	-1.6713846525315385e-5	69.9781444178128	73.4747441159786
3.861897133647475	85.39186099160091	4.270520961722216	129.31146650054654	-1.6713846525315385e-5	68.1040399313619	73.08228831520636
3.875369778688017	84.96113351051822	4.273942224049976	129.76055466856462	-1.6713846525315385e-5	66.42880947923149	72.6911633211429
3.888524632799076	84.53271323749685	4.278089476002599	130.1990498055999	-1.6713846525315385e-5	64.9275424528254	72.30146284819335
3.901394317635899	84.10659151043605	4.282864753913319	130.6280393001607	-1.6713846525315385e-5	63.57847463180834	71.913267348219
3.9140073742281403	83.68275922653315	4.2881825049195825	131.0484745199021	-1.6713846525315385e-5	62.36259036747861	71.52664569514769
3.926388783584907	83.26120690694974	4.29396800272901	131.46118816512765	-1.6713846525315385e-5	61.263271776255415	71.14165667046946
3.938560410720258	82.84192475191763	4.300155996426698	131.86690906963935	-1.6713846525315385e-5	60.26599953664487	70.75835023017235
3.950541398307129	82.42490268955301	4.306689512570003	132.26627532253505	-1.6713846525315385e-5	59.35808762938387	70.37676862791295
3.9623485139536867	82.01013041887269	4.313518798416987	132.65984584408696	-1.6713846525315385e-5	58.528449329454894	69.99694740581629
3.9739964464203594	81.59759744643884	4.32060042053467	133.04811025964273	-1.6713846525315385e-5	57.76739760462335	69.61891623955361
3.985498068106517	81.18729311879072	4.327896466053195	133.43149764918132	-1.6713846525315385e-5	57.066468243351245	69.24269968715123
3.996864666705579	80.77920665102141	4.335373837745067	133.81038426915006	-1.6713846525315385e-5	56.41826375881944	68.86831784979881
4.008106142818781	80.37332715110848	4.343003652696115	134.18510013959013	-1.6713846525315385e-5	55.816320231793874	68.49578693550694
4.019231184980791	79.9696436414244	4.3507607097151455	134.55593487832385	-1.6713846525315385e-5	55.25498937463033	68.12511975829692
4.030247424188439	79.56814507768276	4.358623019118762	134.9231428519121	-1.6713846525315385e-5	54.7293344072918	67.7563261788868
4.041161565735612	79.16882036505636	4.3665714015759205	135.2869475701512	-1.6713846525315385e-5	54.23504122562272	67.38941348061331
4.051979505920784	78.77165837240697	4.374589132986955	135.64754557632364	-1.6713846525315385e-5	53.76833976326637	67.02438670218051
4.062706435128007	78.3766479448096	4.3826616308303725	136.00510988323109	-1.6713846525315385e-5	53.32593453596545	66.66124893151313
4.0733469257799815	77.98377791419345	4.390776186545261	136.35979290496354	-1.6713846525315385e-5	52.90494537978451	66.30000155644012
4.083905010159782	77.59303710871909	4.398921728744596	136.71172905095688	-1.6713846525315385e-5	52.50285501637355	65.94064448646381
4.094384249173385	77.20441436102075	4.407088613997235	137.06103701807695	-1.6713846525315385e-5	52.11746272287971	65.58317634867015
4.1047877910284765	76.81789851519511	4.415268448295409	137.40782174658003	-1.6713846525315385e-5	51.7468447967267	65.2275946548649
4.115118423127617	76.43347843294468	4.4234539291716155	137.75217614988472	-1.6713846525315385e-5	51.389319592904165	64.87389594934541
4.125378617938578	76.05114299896547	4.4316387061441445	138.0941826435834	-1.6713846525315385e-5	51.04341661983237	64.52207593947898
4.13557057214366	75.67088112550144	4.439817261614897	138.43391445041948	-1.6713846525315385e-5	50.70785016411078	64.17212960710529
4.145696241244049	75.29268175633317	4.447984805597974	138.77143675376576	-1.6713846525315385e-5	50.38149597789214	63.82405130696895
4.155757370159919	74.91653387026332	4.456137182634028	139.1068077176281	-1.6713846525315385e-5	50.06337066458938	63.47783485372038
4.165755519351142	74.54242648404856	4.464270792335414	139.44007935733552	-1.6713846525315385e-5	49.752614082950004	63.13347359613827
4.175692087893675	74.1703486549535	4.472382519195382	139.77129830875327	-1.6713846525315385e-5	49.44847380252246	62.79096048266528
4.185568333893713	73.80028948296894	4.480469670499139	140.10050650875453	-1.6713846525315385e-5	49.15029135314238	62.45028811934246
4.195385391916593	73.43223811266311	4.488529923318796	140.4277417761839	-1.6713846525315385e-5	48.85749048593841	62.111448819229416
4.205144288376498	73.06618373478068	4.496561277713675	140.75303832484738	-1.6713846525315385e-5	48.569566808434196	61.774434646006604
4.2148459551561	72.70211558761736	4.504562015317414	141.0764272175008	-1.6713846525315385e-5	48.28607861245677	61.43923745252277
4.224491241236864	72.34002295815205	4.512530663978356	141.39793675352624	-1.6713846525315385e-5	48.00663904248657	61.10584891367029
4.234080922963332	71.9798951830106	4.520465966556619	141.71759281107515	-1.6713846525315385e-5	47.73090918445257	60.77426055536424
4.243615713130556	71.6217216492796	4.528366853302853	142.0354191499826	-1.6713846525315385e-5	47.45859194762101	60.44446378015954
4.25309626874588	71.26549179516024	4.536232418270493	142.35143767049345	-1.6713846525315385e-5	47.18942683967348	60.11644988909015
4.262523197875674	70.91119511051025	4.544061898512436	142.66566864148658	-1.6713846525315385e-5	46.923185358364925	59.790210100899216
4.271897065709548	70.5588211372853	4.551854655659257	142.97813090261573	-1.6713846525315385e-5	46.65966691052273	59.46573556903276
4.28121839974128	70.20835946987539	4.559610160184906	143.2888420370068	-1.6713846525315385e-5	46.398695326175606	59.14301739611784
4.290487694336714	69.85979975536722	4.56732797753761	143.59781852352125	-1.6713846525315385e-5	46.14011578572041	58.822046646693636
4.299705414781384	69.51313169373876	4.575007755854383	143.9050758716769	-1.6713846525315385e-5	45.883792097737796	58.50281435845469
4.308872000739573	69.16834503798545	4.582649215466046	144.21062873694987	-1.6713846525315385e-5	45.62960437331673	58.185311551819574
4.317987869302705	68.82542959419779	4.590252139651709	144.5144910223876	-1.6713846525315385e-5	45.37744697707199	57.8695292383301
4.3270534176917845	68.48437522159293	4.597816366446331	144.81667596869028	-1.6713846525315385e-5	45.127226711329016	57.55545842806029
4.336069025567694	68.14517183250214	4.605341781641081	145.1171962312206	-1.6713846525315385e-5	44.87886126446903	57.243090135911174
4.345035057066353	67.80780939232692	4.612828312620723	145.41606394784256	-1.6713846525315385e-5	44.632277844632874	56.93241538712301
4.3539518626038465	67.47227791946324	4.620275922901282	145.71329079909236	-1.6713846525315385e-5	44.38741196847712	56.623425222128205
4.362819780420289	67.1385674851983	4.6276846074623075	146.00888805964047	-1.6713846525315385e-5	44.14420642590732	56.31611070066336
4.3716391379393365	66.80666821358683	4.635054388639827	146.3028666436087	-1.6713846525315385e-5	43.902610368986025	56.01046290535797
4.380410252974748	66.47657028130574	4.642385312485032	146.59523714478908	-1.6713846525315385e-5	43.662578503951586	55.70647294488383
4.389133434762879	66.14826391749145	4.649677445652224	146.8860098710601	-1.6713846525315385e-5	43.424070400461915	55.404131956612225
4.397808984871216	65.82173940356502	4.656930872663647	147.17519487467135	-1.6713846525315385e-5	43.18704988430968	55.10343110892046
4.553885647015389	65.49699078000477	4.667824453810458	147.42233142667953	-1.6713846525315385e-5	18.9898697180828	54.801050744319504
5.213294990721429	65.174082098713	4.699430778509873	147.4395486648457	-1.6713846525315385e-5	6.712037530677978e-5	54.48166785603912
6.395886284419884	64.85306287425027	4.732408157038511	147.43954922467356	-1.6713846525315385e-5	6.712037530677978e-5	54.16275199748834
8.096410241650998	64.53392277893606	4.76519249775462	147.4395497845014	-1.6713846525315385e-5	6.712037530677978e-5	53.845702956019586
10.306559330153451	64.21665081303432	4.797784930631084	147.43955034432926	-1.6713846525315385e-5	6.712037530677978e-5	53.53050980396714
13.015525620889676	63.90123604119627	4.83018657902646	147.43955090415713	-1.6713846525315385e-5	6.712037530677978e-5	53.21716167763073
16.21007197119778	63.58766759208586	4.862398559723451	147.439551463985	-1.6713846525315385e-5	6.712037530677978e-5	52.905647776903336
19.874580429981435	63.27593465800397	4.894421982967512	147.43955202381284	-1.6713846525315385e-5	6.712037530677978e-5	52.59595736489798
23.991136798282874	62.96602649451422	4.92625795250529	147.43955258364073	-1.6713846525315385e-5	6.712037530677978e-5	52.28807976757588
28.539622377565223	62.657932420075895	4.957907565622331	147.4395531434686	-1.6713846525315385e-5	6.712037530677978e-5	51.98200437338186
33.49780044168718	62.35164181567405	4.9893719131810785	147.43955370329644	-1.6713846525315385e-5	6.712037530677978e-5	51.67772063287682
38.84143495173218	62.047144124452004	5.020652079658629	147.43955426312434	-1.6713846525315385e-5	6.712037530677978e-5	51.375218058372674
44.544406475493226	61.74442885135067	5.0517491431837795	147.4395548229522	-1.6713846525315385e-5	6.712037530677978e-5	51.07448622357405
50.57883672940729	61.44348556274521	5.082664175574353	147.43955538278004	-1.6713846525315385e-5	6.712037530677978e-5	50.77551476321726
56.9152289429843	61.14430388608388	5.113398242374302	147.43955594260794	-1.6713846525315385e-5	6.712037530677978e-5	50.478293372711605
63.479317803805166	60.93538983979372	5.143958632677476	147.339464521581	77.08872739923423	6.712037530677978e-5	50.262550637041905
69.78987145956152	61.61754914620586	5.17460402456133	146.23152519461286	247.64613192481596	6.712037530677978e-5	50.84950010958992
75.6703375585107	63.18149593993423	5.2058576464480035	144.12047547694638	378.4497472345373	6.712037530677978e-5	52.23030476890676
81.07688579461878	65.40439548825783	5.238138854036302	141.25350570386942	474.92394989467346	6.712037530677978e-5	54.20383480560523
85.98783863188689	68.09568158847563	5.271753837871319	137.8425875884381	542.1865782901374	6.712037530677978e-5	56.59813310865279
90.4005229372443	71.0949781948246	5.306912787371138	134.06663397876576	585.0165085631202	6.712037530677978e-5	59.268527394102485
94.32756276840439	74.26979366226996	5.3437458829423825	130.07392844926883	607.8111862514451	6.712037530677978e-5	62.09553853993501
97.79291016849284	77.51310191402055	5.382317736220049	125.98469973873632	614.5396452919864	6.712037530677978e-5	64.98268844846918
100.82826513592461	80.74043841051548	5.422640812124345	121.89425566274979	608.7220231991633	6.712037530677978e-5	67.85387171026255
103.46962530351409	83.88715393921099	5.46468695769859	117.87595951400716	593.4082243777686	6.712037530677978e-5	70.65087115451594
105.75448529188758	86.90559455211253	5.508397355447586	113.98430724618946	571.1785084829787	6.712037530677978e-5	73.33080828528401
107.71979853119802	89.76218762469375	5.5536912140028605	110.25812463006467	544.1700286868949	6.712037530677978e-5	75.86351027990197
109.40035222518084	92.43489569864035	5.600472703431664	106.72336812278817	514.1047444455678	6.712037530677978e-5	78.22920990559369
110.82779798781236	94.91085460572083	5.648636560699331	103.39573212784289	482.3316188562055	6.712037530677978e-5	80.4164126531728
112.03021267347057	97.18422086103209	5.6980725870758455	100.28303196919953	449.8785409879315	6.712037530677978e-5	82.41995339996085
113.03191534728208	99.25441504657799	5.748668958206193	97.38715245709884	417.50001032931374	6.712037530677978e-5	84.2394108904253
113.8536167000555	101.12462652511033	5.80031468133908	94.70571053189555	385.7269762154065	6.712037530677978e-5	85.8777584178122
114.5127120562498	102.80060821063792	5.852901320134563	92.23339820049905	354.9122389628829	6.712037530677978e-5	87.3402764779312
115.02364758472257	104.28974019058779	5.906324117644538	89.96302829054598	325.2699222514557	6.712037530677978e-5	88.63370817382301
115.3983605697162	105.60029173894262	5.960482697619465	87.88636066118083	296.9111779071774	6.712037530677978e-5	89.76559373092202
115.64663483341174	106.74091521138513	6.0152813726068945	85.99467071245905	269.8702927936326	6.712037530677978e-5	90.74381426916985
115.77647237195147	107.72025530054827	6.070629243311164	84.27918983395776	244.12779125959003	6.712037530677978e-5	91.57623969120486
115.79443789006228	108.54666613364469	6.126440140074395	82.73142572816325	219.62944838123806	6.712037530677978e-5	92.27047386808162
115.7058605429411	109.22807538776983	6.182632380639874	81.34331862478156	196.29652107074284	6.712037530677978e-5	92.83373243885609
115.5150679795665	109.77186309991414	6.239128510201275	80.10738108488309	174.0365127216851	6.712037530677978e-5	93.27273386460647
115.22558092008985	110.18478691466844	6.295855004370471	79.01678573834958	152.75133471468703	6.712037530677978e-5	93.59363235162007
114.84018616425442	110.47299215638905	6.352741891331262	78.06535805863659	132.33921357662484	6.712037530677978e-5	93.80202726581811
114.36106179814695	110.64199413616996	6.409722421115365	77.24759999385903	112.69902127697736	6.712037530677978e-5	93.90294749104044
113.78987344050203	110.69667794633408	6.466732739232918	76.55869378908051	93.73319801003738	6.712037530677978e-5	93.90085153792924
113.12778716532658	110.64134600677116	6.5237115247935895	75.9944522396192	75.34670299147527	6.712037530677978e-5	93.79967070448457
112.1175591304598	110.46676035520632	6.580598062407734	75.56598211213188	50.02420652778	6.712037530677978e-5	93.59113720071971
110.39687663664488	110.09554012801811	6.637308592224226	75.36164514087315	9.131410569395474	6.712037530677978e-5	93.20561399621099
107.93434150515415	109.55155803100894	6.693728008340177	75.35573133321802	2.3917135651030795e-5	6.712037530677978e-5	92.66471173213428
104.48987538338602	109.00555534325107	6.749817349127809	75.35573162172047	2.3917135651030795e-5	6.712037530677978e-5	92.12228648119239
100.12201287413345	108.46274875588382	6.8055783632389515	75.3557319102229	2.3917135651030795e-5	6.712037530677978e-5	91.58303638977041
94.91605658618026	107.9231195601016	6.861012972578177	75.35573219872533	2.3917135651030795e-5	6.712037530677978e-5	91.04694287164298
88.97366963727723	107.38664915661195	6.916123087800074	75.35573248722777	2.3917135651030795e-5	6.712037530677978e-5	90.51398744938032
82.4108973729916	106.85331905499865	6.970910608374673	75.35573277573019	2.3917135651030795e-5	6.712037530677978e-5	89.98415175371555
75.35590959882822	106.32311087308035	7.025377422653332	75.35573306423264	2.3917135651030795e-5	6.712037530677978e-5	89.45741752290749
67.94647860914554	105.79600633627653	7.0795254079338665	75.35573335273506	2.3917135651030795e-5	6.712037530677978e-5	88.93376660211078
60.32729478264148	105.27198727698251	7.133356430524758	75.35573364123749	2.3917135651030795e-5	6.712037530677978e-5	88.41318094275499
52.647163234699434	104.75103563393883	7.186872345809934	75.35573392973993	2.3917135651030795e-5	6.712037530677978e-5	87.89564260191818
45.056062768851085	104.23313345160824	7.240074998312762	75.35573421824236	2.3917135651030795e-5	6.712037530677978e-5	87.3811337417079
37.702229994184584	103.71826287956173	7.292966221759137	75.3557345067448	2.3917135651030795e-5	6.712037530677978e-5	86.86963662865125
30.729294282716626	103.20640617185899	7.3455478391411075	75.35573479524723	2.3917135651030795e-5	6.712037530677978e-5	86.36113363307943
24.27339216648162	102.69754568643609	7.3978216627797835	75.35573508374966	2.3917135651030795e-5	6.712037530677978e-5	85.85560722851946
18.4606436357391	102.19166388450233	7.449789494387302	75.3557353722521	2.3917135651030795e-5	6.712037530677978e-5	85.35303999109487
13.404591222103857	101.68874332993158	7.501453125129349	75.35573566075453	2.3917135651030795e-5	6.712037530677978e-5	84.85341459892118
9.203906014176589	101.1887666886609	7.552814335686933	75.35573594925695	2.3917135651030795e-5	6.712037530677978e-5	84.35671383150834
5.979929304448835	100.69167282886184	7.558899982675985	75.8505098939503	2.3917135651030795e-5	263.1618505452758	83.90339896052804
3.8472457514983454	100.19667048183517	7.342872552633127	78.78616427656188	2.3917135651030795e-5	582.6045376965476	83.65207020648856
2.7203098400928227	99.70273841747782	6.99134092486282	83.21115541475905	2.3917135651030795e-5	711.8385849690834	83.52378152487861
2.6174133816653997	99.20945345879613	6.616937649396014	87.88700344820423	2.3917135651030795e-5	666.587448795853	83.41668090936972
2.742933747822792	98.71690970059619	6.286465136219984	92.0787755399065	2.3917135651030795e-5	590.588635573616	83.27067077871754
2.8544400648127928	98.22534340018547	5.9990644713530825	95.79565277290652	2.3917135651030795e-5	524.1041385974655	83.08673777372312
2.9534827372290255	97.73496347081301	5.7493105537454845	99.09707518678097	2.3917135651030795e-5	465.9713735934937	82.86995758294398
3.041626809411133	97.24595056028093	5.532442267336182	102.03521092618455	2.3917135651030795e-5	415.1359804949253	82.62478224589644
3.1202398344596634	96.75846072239786	5.344299480838321	104.6556450944689	2.3917135651030795e-5	370.67667857052675	82.35510021762148
3.1905167913194203	96.27262852971134	5.18124722166352	106.99821032312747	2.3917135651030795e-5	331.7884758981005	82.06430748472805
3.253501665619713	95.7885697694139	5.04011000249319	109.09770613313722	2.3917135651030795e-5	297.76812698633	81.7553691593883
3.310106716345469	95.30638385011035	4.9181131901860216	110.98454115732908	2.3917135651030795e-5	268.001149814176	81.43087446840057
3.361129100184483	94.82615587845191	4.812832415641193	112.68528728529623	2.3917135651030795e-5	241.95062341686875	81.09308420073066
3.407265262536603	94.34795845674245	4.722149780016439	114.22315936370023	2.3917135651030795e-5	219.14749042072316	80.74397178083451
3.4491237869149005	93.87185328793069	4.64421475227226	115.61844350964347	2.3917135651030795e-5	199.18189840031056	80.38525994203488
3.487236486478948	93.39789256097438	4.577410416150356	116.88886682844505	2.3917135651030795e-5	181.6957257859853	80.0184523827246
3.522068000605435	92.92612014942985	4.520324266528759	118.04991729932794	2.3917135651030795e-5	166.37611516130448	79.644861155767
3.5540243644331007	92.45657268172063	4.4717221311580815	119.1151294269168	2.3917135651030795e-5	152.9496986282474	79.2656311266332
3.5834604089717206	91.9892804652968	4.430525651152467	120.09633091153748	2.3917135651030795e-5	141.1776112042083	78.88176109382398
3.6106861605547014	91.52426828577944	4.395792806615067	121.0038559643035	2.3917135651030795e-5	130.85117851747808	78.4941220533015
3.6359725560384026	91.06155612061029	4.366700524540925	121.8467358137602	2.3917135651030795e-5	121.78806559117078	78.10347350997266
3.659556380041199	90.60115975550377	4.342529654160059	122.63286328052008	2.3917135651030795e-5	113.82894986056037	77.7104775687784
3.6816445324243965	90.14309131722669	4.322651980446109	123.36913502662665	2.3917135651030795e-5	106.83464551103573	77.31571111421701
3.702417839861762	89.68735974941275	4.306518625026492	124.06157860787218	2.3917135651030795e-5	100.68353503487218	76.91967668863654
3.722034349885773	89.23397122371848	4.293650021987173	124.71546227533922	2.3917135651030795e-5	95.26934952431719	76.5228118934519
3.7406321766747284	88.78292949498122	4.283627257790924	125.33538983497105	2.3917135651030795e-5	90.49925102678316	76.12549751098251
3.758332043051161	88.33423621841847	4.276084335666816	125.92538538085215	2.3917135651030795e-5	86.29211961002639	75.72806475923599
3.7752394782138223	87.88789122381533	4.270701487649801	126.48896655294085	2.3917135651030795e-5	82.57707241341373	75.33080156411337
3.791446715471839	87.44389275223803	4.2671993995542055	127.02920779487475	2.3917135651030795e-5	79.2921848544782	74.93395797539111
3.8070343875417945	87.00223766745182	4.26533405199147	127.54879686387326	2.3917135651030795e-5	76.38334824902965	74.53775100491953
3.822072992835811	86.56292163872732	4.264892258293725	128.05008370700713	2.3917135651030795e-5	73.80328175040287	74.14236881120172
3.8366241609862	86.12593929857121	4.265687813387369	128.53512264535345	2.3917135651030795e-5	71.51067957427865	73.74797431097673
3.850741783462835	85.6912843835989	4.267558053208359	129.00571006124127	2.3917135651030795e-5	69.46944913167124	73.35470840575753
3.8644729918539142	85.25894985637474	4.270360877698722	129.4634170076106	2.3917135651030795e-5	67.64805181488519	72.96269277358229
3.877859001799568	84.82892801047501	4.2739721826391674	129.90961733913238	2.3917135651030795e-5	66.01893431401705	72.5720322773299
3.8909358670156595	84.40121056431468	4.278283565089906	130.34551284633542	2.3917135651030795e-5	64.5580205197916	72.18281711641902
3.9037351319846216	83.97578874231432	4.283200337201571	130.7721550119675	2.3917135651030795e-5	63.244271710242025	71.79512468929109
3.916284394748408	83.55265334484311	4.288639813596991	131.19046377076035	2.3917135651030795e-5	62.05930731551439	71.40902119932112
3.9286078097769117	83.13179481067209	4.294529781111821	131.60124427171047	2.3917135651030795e-5	60.98706606323535	71.02456308969423
3.9407265234312923	82.71320327100662	4.3008071736581215	132.00520139352315	2.3917135651030795e-5	60.013512545221936	70.64179828589985
3.9526590492756513	82.29686859601115	4.30741693013687	132.4029522550018	2.3917135651030795e-5	59.12638431762019	70.26076726655371
3.9644216034469295	81.8827804363413	4.314310973899081	132.79503739404439	2.3917135651030795e-5	58.31496591610898	69.88150402021853
3.9760283951883535	81.47092825907441	4.321447328650364	133.18193045209188	2.3917135651030795e-5	57.569893084418894	69.5040368742562
3.987491877136916	81.06130137861967	4.328789356828708	133.56404651704395	2.3917135651030795e-5	56.88298412271591	69.128389208821
3.9988229689867487	80.65388898429948	4.336305079003319	133.94174957870504	2.3917135651030795e-5	56.247089176845385	68.75458009486172
4.010031251328432	80.24868016420483	4.3439665840321835	134.3153589900945	2.3917135651030795e-5	55.6559596247091	68.3826248470027
4.021125132562156	79.84566392569434	4.351749521158795	134.6851550312186	2.3917135651030795e-5	55.104135606857014	68.01253549958189
4.032111998063005	79.44482921367371	4.359632646118341	135.05138388124692	2.3917135651030795e-5	54.586845516639855	67.64432123203218
4.042998339508106	79.0461649263967	4.367597427614069	135.41426192941694	2.3917135651030795e-5	54.09991885841121	67.27798873764232
4.053789866190085	78.6496599290232	4.375627708610985	135.77397948548293	2.3917135651030795e-5	53.6397112442338	66.9135425409122
4.064491604498991	78.255303065697	4.383709403634779	136.13070409577978	2.3917135651030795e-5	53.20303736338189	66.55098528113744
4.075107984208461	77.86308316997497	4.391830236227223	136.48458341942882	2.3917135651030795e-5	52.7871128438775	66.19031795833159
4.08564291271132	77.47298907375804	4.3999795130723625	136.8357477028574	2.3917135651030795e-5	52.38950423425779	65.83154014476217
4.096099841367296	77.08500961523546	4.408147922126725	137.18431199138996	2.3917135651030795e-5	52.008084300655405	65.47465017397212
4.106481823073367	76.69913364573095	4.416327357460456	137.530378048259	2.3917135651030795e-5	51.64099323859859	65.11964530474847
4.116791561773025	76.31535003555072	4.424510768628493	137.87403600491422	2.3917135651030795e-5	51.286605316662	64.76652186209239
4.127031456706624	75.93364767917174	4.432692026045608	138.2153658360342	2.3917135651030795e-5	50.94349906391445	64.41527536317699
4.137203640823245	75.55401549970057	4.440865804128795	138.55443863992159	2.3917135651030795e-5	50.610431391675476	64.06590062664152
4.147310013800526	75.1764424526661	4.449027480847547	138.89131773916426	2.3917135651030795e-5	50.28631534858745	63.71839186650348
4.157352271558137	74.80091752937228	4.457173047944664	139.226059664418	2.3917135651030795e-5	49.97020023850511	63.372742776061195
4.16733193188764	74.42742975976546	4.465299032975478	139.55871500873474	2.3917135651030795e-5	49.661254355390284	63.028946600711976
4.177250356475803	74.05596821485852	4.473402432321488	139.88932916167346	2.3917135651030795e-5	49.358750148364905	62.6869962004841
4.1871087705899654	73.68652200886123	4.481480651318898	140.2179429654789	2.3917135651030795e-5	49.06205096223941	62.34688410589428
4.19690828018011	73.31908030098738	4.489531452248531	140.5445932851504	2.3917135651030795e-5	48.77059951882076	62.008602566431684
4.206649886568746	72.95363229696805	4.497552909665556	140.86931349810496	2.3917135651030795e-5	48.48390802355211	61.6721435921647
4.216334499581853	72.59016725036838	4.505543370473502	141.1921339318752	2.3917135651030795e-5	48.201549322692046	61.33749899089658
4.22596294896144	72.22867446368917	4.513501419227556	141.5130822445281	2.3917135651030795e-5	47.92314921843655	61.00466040041616
4.235535994164844	71.86914328927433	4.521425848346524	141.83218375130824	2.3917135651030795e-5	47.64837987103057	60.67361931615146
4.245054333124463	71.51156313008674	4.529315631488465	142.14946171662885	2.3917135651030795e-5	47.37695390141761	60.344367115854595
4.25451860986445	71.1559234403409	4.5371699004048205	142.46493760796176	2.3917135651030795e-5	47.10861926414571	60.016895081023776
4.26392942103848	70.80221372600788	4.544987925077121	142.77863131376276	2.3917135651030795e-5	46.843154847190746	59.69119441525323
4.273287321774286	70.4504235452323	4.552769095963439	143.09056133828966	2.3917135651030795e-5	46.580366538942556	59.367256260602865
4.282592830757851	70.10054250865353	4.560512908558756	143.40074497107517	2.3917135651030795e-5	46.32008380756812	59.04507171179738
4.291846434596044	69.75256027964409	4.568218950150357	143.70919843234824	2.3917135651030795e-5	46.06215676646951	58.724631828373006
4.301048591716968	69.40646657448869	4.575886887980187	144.0159370030457	2.3917135651030795e-5	45.80645355128701	58.40592764550344
4.310199735764525	69.06225116249949	4.5835164589464785	144.32097513796433	2.3917135651030795e-5	45.55285803774282	58.08895018338137
4.319300278510436	68.71990386607813	4.591107460773066	144.624326562828	2.3917135651030795e-5	45.301267884522176	57.77369045523006
4.328350612457965	68.37941456073786	4.598659744117025	144.92600436107895	2.3917135651030795e-5	45.05159278392731	57.46013947443346
4.33735111310919	68.04077317508288	4.606173205700293	145.22602104945312	2.3917135651030795e-5	44.803752939267966	57.14828826070531
4.3463021409095735	67.70396969075442	4.613647782422569	145.52438864279924	2.3917135651030795e-5	44.55767775958311	56.83812784534429
4.355204042986931	67.36899414234975	4.621083446100027	145.82111871204447	2.3917135651030795e-5	44.313304692933336	56.52964927590094
4.364057154666575	67.03583661731244	4.628480198885238	146.11622243469932	2.3917135651030795e-5	44.07057821052764	56.22284362020497
4.372861800770662	66.70448725580262	4.635838069343106	146.40971063816886	2.3917135651030795e-5	43.82944893615799	55.91770196978363
4.381618296780399	66.37493625054881	4.6431571089442185	146.7015938384934	2.3917135651030795e-5	43.58987286805388	55.61421544288731
4.390326949849385	66.04717384668027	4.650437389011363	146.99188227412625	2.3917135651030795e-5	43.35181070108048	55.3123751870894
4.399132665055223	65.72119034209524	4.657679049422961	147.28058536977977	2.3917135651030795e-5	43.09113490204041	55.012172335741084
