5.096111505632665	73.43669473231142	5.3467788828712575	130.98196724090405	-0.6887435285270033	42.63485032732638	61.34226653102711
5.410070786594766	73.0711326591807	5.3678868146612695	131.1628651338517	-0.6899059779601615	0.8542837113680022	60.99391517524265
6.327042663853656	72.7076719721327	5.4042862431715015	131.17318199660338	-0.6906706932178914	0.8550477016788731	60.633680836901895
7.849915729921034	72.34632929131227	5.440467148633116	131.1835092658527	-0.6914630061721128	0.8558501456627245	60.27555147989104
9.971572008933531	71.9870919986705	5.476430774517262	131.1938475218123	-0.6923009621186347	0.8567154041011145	59.91951461635418
12.681943461504195	71.6299474371129	5.512178341129432	131.2041976436385	-0.6932047627592465	0.857670490370088	59.565557744129165
15.968072284653083	71.27488289808458	5.5477110440469195	131.21456084064815	-0.6941965074739789	0.8587446247011404	59.21366833697077
19.81417772880178	70.92188561452875	5.583030053342127	131.22493866881896	-0.6952985687388216	0.8599669711017217	58.863833838906764
24.201727176468896	70.57094276850773	5.618136514861434	131.23533300811033	-0.6965302166843583	0.8613620833518204	58.51604166995153
29.10951208090805	70.22204152386638	5.653031554959119	131.24574597348052	-0.6979025603421409	0.8629432141384046	58.17027925126772
34.513731851156955	69.87516909160277	5.687716289669199	131.25617974012752	-0.6994126853332789	0.8647047892758801	57.826534055795925
40.38809141836283	69.53031282788487	5.722191838125469	131.26663628510977	-0.701038654195938	0.866616545149395	57.48479368446784
46.70391914028639	69.18746035422544	5.756459338397749	131.27711707734986	-0.7027370541390686	0.868621946041393	57.14504596020504
53.430308941365034	68.84659968210701	5.790519962777311	131.28762276866848	-0.7044437500826305	0.870641676552104	56.80727902642307
60.53428559696836	68.50771932355077	5.824374929840815	131.29815293613848	-0.7060777103008721	0.8725805812533326	56.47148143577466
67.98099022399907	68.1708083671907	5.858025511674273	131.30870591665735	-0.7075491333887447	0.8743369229549953	56.13764221217688
75.41593735046943	68.46534102586614	5.891587409066166	130.6067031410432	209.9244860520579	0.8748842529399424	56.37275100612603
82.42179012963526	69.89091611794328	5.9256139416499005	128.6215114285749	379.02347425290736	0.8751817236771735	57.626398357021
88.9311604000731	72.18123501169718	5.9606487128056225	125.64806859592005	506.8729102306914	0.8758241568968136	59.658185854857216
94.9006173493594	75.1054644462919	5.997099239444551	121.94273354179981	599.151710919552	0.8764812912100916	62.2597884746372
100.31238533080362	78.46668814188621	6.0352561059958045	117.72482523371445	661.2887919059774	0.877173392916038	65.25354237467599
105.16873298617557	82.10018810035942	6.0753104707485495	113.17837226835954	698.343703001485	0.8785602219895309	68.49088074739713
109.48508917632012	85.87038501550644	6.117371710032247	108.45537612212273	714.8931101744407	0.8796631004531181	71.84956153646318
113.29001250841739	89.66819955091492	6.161482837717879	103.67862329256918	715.1080893877474	0.8801935468198339	75.23127631819547
116.62100620871122	93.40844924718878	6.207633721191168	98.94448141757354	702.7060578062395	0.8805732505544324	78.55929326666445
119.51866327040779	97.02672005876815	6.255773382294294	94.32629912835449	680.8689872781421	0.8808148530025315	81.77562763646286
122.02592989401946	100.47631103374889	6.3058204473337245	89.87774361119251	652.3134378393105	0.8814490958179283	84.83827980758115
124.18269935333247	103.7252015422516	6.357672158125176	85.63612851787848	619.2186791493089	0.8821643036459605	87.71849494065435
126.02736859630956	106.7531672567668	6.411211545985023	81.62559399401799	583.3602522559278	0.8833850518362387	90.39815829800152
127.5928095725323	109.54918298945096	6.466313532202069	77.85997436769739	546.0694489640595	0.8841862929520341	92.8674499614854
128.90844096384492	112.10920606466708	6.522849460091883	74.34525308591522	508.360538254248	0.88405100032909	95.1228437879055
130.00108168913556	114.43445032134724	6.580690093061834	71.08148011319716	471.00948534334526	0.8833009875525379	97.16554975521198
130.89352449554534	116.52988202304	6.639708015903928	68.06444513902132	434.55580885910575	0.8822093661591695	99.00015676318556
131.607288193433	118.40340485159967	6.699778567752242	65.28658827241743	399.41148168624636	0.8824001222228889	100.6338975530156
132.15700315984034	120.06446117052398	6.760781655688347	62.738560664735814	365.7337071180364	0.8834842993274062	102.07538695030227
132.55320781002038	121.52288451187377	6.822603226688695	60.41050500800673	333.5449744129542	0.884157751077114	103.33358674340988
132.80771658112423	122.78875356112714	6.885134743759337	58.29222629457336	302.89688143946836	0.8852609445925039	104.41767461024116
132.9277631065936	123.87193064881781	6.948273239711482	56.373712730009295	273.71053583216786	0.886012420974857	105.3366282964921
132.91986371315974	124.78180443421986	7.01192138278715	54.64542577867263	245.89939667969003	0.8859881125337233	106.09899374002939
132.7897594519684	125.52706336641	7.075987179791787	53.09855941824676	219.37385521201352	0.8850706612392133	106.71268124920552
132.54478854672928	126.11611735713961	7.140382738350442	51.7245772645771	194.10072460451255	0.8847868034471417	107.18534650341358
132.18797619675985	126.55676488991776	7.205024303642143	50.515588334329074	169.93543301617484	0.8848181554441266	107.52409061826624
131.72256772874348	126.85597802928194	7.2698323415115125	49.464589070284504	146.76466564308996	0.8853333044378514	107.73526638537868
131.1503847011489	127.01999295058141	7.334730858836945	48.565368518636326	124.45500288529004	0.8862048134042819	107.82456044301296
130.4724338627758	127.05419936923306	7.399647373420475	47.81263360514114	102.87399739889649	0.8868666147373596	107.79689368992118
129.68652184140697	126.96322566614104	7.46451236319472	47.20191900211844	81.81473474486792	0.8872298495147624	107.65649847112273
128.3190684334786	126.72072524733179	7.529254204803291	46.7637842176786	47.72509911369839	0.8870135282507015	107.37970364191749
126.16639005355316	126.2272206088033	7.593763634349782	46.61184073420442	-0.7124161982365599	0.8876477414074436	106.87698826527335
123.0750677549576	125.5932731257223	7.657915467943069	46.62253122055978	-0.7131653148618435	0.8885918879303456	106.2480699619632
118.86246681145988	124.96302680536685	7.721686023867132	46.63323344739675	-0.7139692046935854	0.8896132276299525	105.62282953288255
113.6107174781951	124.33645965353499	7.78507748150002	46.64394829500498	-0.7148251474841236	0.8907069926365951	105.00124520003143
107.42220590701587	123.71354987259596	7.848092018516033	46.65467644028992	-0.7157126084066063	0.8918394614338879	104.3832953640359
100.41759083061709	123.0942759597237	7.9107318287185615	46.66541804960776	-0.7165966381017234	0.8929497243493947	103.76895867658114
92.73349785143554	122.47861675668564	7.972999134289727	46.676172587757954	-0.7174409890396392	0.8939671509239666	103.15821407423049
84.51992998304841	121.86655139608098	8.03489618253038	46.68693891459402	-0.7182290939156498	0.8948438883851481	102.55104073292843
75.93740695697049	121.25805912459833	8.096425221534211	46.69771575232728	-0.7189823952079156	0.8955879322726025	101.94741793068835
67.15383375945085	120.6531190664014	8.157588461727151	46.70850237596746	-0.7197602184954853	0.8962723221139814	101.34732486907586
58.341138325134224	120.0517100634041	8.218388043108664	46.71929915415775	-0.7206346812643393	0.8970066590110354	100.75074055882469
49.67178728357463	119.45381071036485	8.278826028468007	46.73010758413936	-0.7216535377490663	0.8978843972616595	100.15764385756468
41.315326319361056	118.85939958439725	8.338904427770265	46.74092976415788	-0.7228153694459228	0.8989390933095217	99.56801365461887
33.435069616109836	118.26845553796316	8.398625238930444	46.751767613866456	-0.7240734279254493	0.9001371098382527	98.98182909822762
26.184991266364662	117.68095789480904	8.45799048185423	46.76262227846897	-0.7253612607137112	0.9014043720180923	98.39906974140068
19.706816765234695	117.09688648075914	8.517002212178879	46.77349394277422	-0.726619517697688	0.9026622169603956	97.81971555727945
14.12732228790796	116.51622152858401	8.575662515848682	46.78438199836428	-0.7278108426690969	0.9038526484240215	97.24374685832007
9.555886318124559	115.93894353434285	8.633973493073873	46.79528538237967	-0.7289221913968795	0.9049479406607224	96.67114418132337
6.159451447997476	115.36489311455928	8.591205456740543	47.91441075640169	-0.7293241004583576	406.19741951459895	96.19251140344028
3.9920872795657574	114.79295027710303	8.296904058994043	51.798021537938745	-0.7299816202910013	718.3753094436578	95.94238398027834
2.99727962782148	114.22209066489998	7.878982472947213	57.04023034624333	-0.7307916287310086	814.5239624093922	95.8046019747322
3.0515375823186206	113.6519952527515	7.463083831739947	62.25932321525101	-0.7315873070488053	736.1655263918713	95.66568596487525
3.1920402533715064	113.08285482554608	7.100244383767689	66.89368582568798	-0.7324337339450198	652.2761521184966	95.47982922682736
3.3169036433543386	112.51493415644015	6.784913782426222	71.00407279653383	-0.7332408832656336	578.9113503815266	95.25227060721971
3.427082102801587	111.94846379938306	6.511086276112582	74.65628686945837	-0.7337769457997938	514.911073515384	94.98862839934274
3.525368665331523	111.38364227553389	6.2734355953237255	77.90869268008535	-0.7343136063811395	458.9221097758371	94.6938798920812
3.612928547046206	110.82064101217563	6.067413217394465	80.81113026490203	-0.734720158124804	409.99213612618917	94.37227729259563
3.6919166661612457	110.25960719805614	5.889018482308064	83.40744056080747	-0.7352665187286251	367.09580600158915	94.02755740157482
3.7628133695608725	109.70066826088801	5.734773464145436	85.73573675959638	-0.7357510430039397	329.57286828365324	93.66296828535364
3.8262878222261074	109.14393202453302	5.6016253550572905	87.82947790664713	-0.7361978298823393	296.8027129305198	93.28135735988802
3.8826443518900535	108.58949424528969	5.48680716818817	89.7189926527524	-0.7360571896576268	268.2733384410667	92.88530367306441
3.9331660031985947	108.03743523273816	5.38794397178477	91.43031449737303	-0.7357960845994462	243.37556938118266	92.47701915401204
3.9782039681033745	107.48782264866153	5.302936989088327	92.9864535270405	-0.7352953404474346	221.7007329552786	92.05845554916503
4.019978285851995	106.94071215754434	5.230022104237307	94.40675211536414	-0.7351032265186587	202.58555098118393	91.63125230027659
4.059640395485119	106.39614823519997	5.167791702717344	95.70664376433287	-0.735326550468586	185.6038320687404	91.19671759683118
4.096614857511911	105.85416963087366	5.114987823420392	96.89992225948808	-0.7354923456225153	170.6412925609481	90.75601964635428
4.130530608246195	105.31481055918196	5.070416834382792	97.9996788899133	-0.735427498913897	157.5604940784805	90.31026461693617
4.161710432547871	104.77809877991771	5.03300199683704	99.01772641348515	-0.7353234641391164	146.128244091417	89.86044755232491
4.190598727415287	104.24405530466163	5.0018121066472	99.96428433261276	-0.7353692436498926	136.11539627835396	89.40742630451749
4.2174568452477645	103.71269578203554	4.976040302911273	100.84821043427544	-0.7355936927355632	127.34392072862939	88.9519418730849
4.242426325004046	103.1840319539634	4.954975942477262	101.67730852477109	-0.7359184833201696	119.67172029410388	88.4946450553929
4.26565544588006	102.65807248417279	4.937990354503538	102.45848419334544	-0.7362530121579438	112.96924755700658	88.03611002672903
4.287347510554846	102.13482329344843	4.924532603324167	103.19779104183705	-0.7365445089351629	107.1107881035079	87.57683845957139
4.307743559250148	101.614287728632	4.91412671112527	103.90046104426747	-0.7367822331892231	101.97687181902612	87.11726217793397
4.327087083762738	101.09646675528553	4.906366287588888	104.57096340304919	-0.7369821178117674	97.45923738698723	86.65774816909605
4.345597989855756	100.58135921173148	4.900906636808102	105.21309108585392	-0.7371707979246576	93.46383871080477	86.19860592335438
4.363460896616211	100.0689620945504	4.897455846661199	105.83005851988446	-0.7373753631513595	89.91130040517966	85.74009571881908
4.380823554573722	99.55927083926981	4.8957661571163875	106.42459622334445	-0.737618465461424	86.73573947157556	85.28243665058864
4.3978003971855735	99.05227957408631	4.895626297043053	106.99903481380849	-0.7379167851715855	83.88289618733371	84.825813763102
4.414477970623524	98.54798133803338	4.896855014240323	107.55537593137834	-0.7382812126620462	81.30815228464228	84.3703840754892
4.43092055514523	98.04636826322665	4.899295770968791	108.09535038189678	-0.7387177514554862	78.97471190948454	83.9162815245566
4.4471752314557325	97.54743172470639	4.902812468684846	108.6204649955481	-0.7392286173549675	76.85204659159122	83.46362095137071
4.463276131281066	97.05116246275136	4.907286033706136	109.1320400463231	-0.7398132825733599	74.914619433411	83.0125012874281
4.479247845597413	96.55755068261993	4.912611699672012	109.63123903224698	-0.7404693618188597	73.1408655178331	82.56300809274585
4.495108069088342	96.0665861361783	4.918696841863018	110.11909240562497	-0.7411933136175294	71.51239128292839	82.11521558046418
4.510869598853947	95.57825818918067	4.9254592423086345	110.59651658083051	-0.7419809670323458	70.01335304739918	81.66918824042521
4.526541811552953	95.0925558772534	4.932825688139373	111.06432928917019	-0.742827899363659	68.62997777810392	81.22498215235494
4.542131733199681	94.60946795299172	4.940730826590093	111.52326212062798	-0.7437296944676337	67.35019434414485	80.78264605982125
4.557644799189786	94.12898292603444	4.949116217647556	111.97397089945761	-0.7446821097346518	66.16334920343803	80.34222225980797
4.5730853839489765	93.65108909754375	4.957929539517192	112.4170443850861	-0.7456811757645332	65.05998585458967	79.90374734957344
4.588457162548074	93.17577459017495	4.967123913189563	112.85301166801675	-0.7467232481212164	64.0316720724803	79.46725286214894
4.603763351891443	92.7030273743581	4.976657320890531	113.28234853717913	-0.7478050261337046	63.070862812610066	79.0327658139347
4.619006867003637	92.23283529151689	4.986492099594897	113.70548302504167	-0.7489235499138699	62.170789743284175	78.60030918191167
4.634190418398434	91.76518607470385	4.996594495527294	114.12280028478405	-0.750076183687861	61.32537074091873	78.16990232358243
4.649316569195565	91.30006736702214	5.006934269055488	114.53464691565422	-0.7512605911497258	60.52913448025787	77.74156134951946
4.664387765167121	90.83746673812657	5.017484341916345	114.94133482483682	-0.7524747067474707	59.77715658502631	77.3152994560452
4.679406346871655	90.3773716990361	5.028220480552668	115.3431446940095	-0.7537167054919105	59.065004779589266	76.89112722385889
4.694374550138085	89.91976971545004	5.039121010670766	115.74032910416265	-0.7549849729326312	58.38869118537805	76.4690528871885
4.709294499119816	89.46464821972536	5.0501665590971765	116.13311536164105	-0.7562780762838732	57.744630406601225	76.04908257714246
4.724168194733017	89.01199462165056	5.061339819724588	116.52170806056405	-0.7575947372340498	57.12960240211031	75.6312205422756
4.7389975003524265	88.56179631813227	5.072625340868711	116.90629141095437	-0.7589338066798895	56.54071938526635	75.21546934888605
4.753784126033372	88.11404070189631	5.084009331765163	117.28703135744003	-0.7602942414470296	55.97539616205417	74.80183006318117
4.768529612161904	87.66871516929244	5.095479486257596	117.66407750986563	-0.7616750829609337	55.43132343239521	74.39030241714846
4.783235313231402	87.22580712728416	5.107024821992566	118.03756490425035	-0.7630754377907685	54.906443657515304	73.9808849597221
4.7979023823475995	86.78530399969448	5.118635533661417	118.40761561006933	-0.764494459985662	54.39892914975905	73.57357519462431
4.812531757031456	86.34719323277285	5.130302859026623	118.7743401976735	-0.7659313351430854	53.90716207954584	73.16836970607761
4.827124146887975	85.91146230014161	5.142018956646692	119.13783907772604	-0.7673852661816285	53.429716123877306	72.76526427341877
4.841680023714016	85.47809870717452	5.1537767943737505	119.4982037227812	-0.7688554608262423	52.965339506679236	72.36425397549611
4.856199614611133	85.04708999485575	5.16557004784227	119.85551777954768	-0.7703411208461634	52.51293920653469	71.96533328559765
4.870682898637858	84.61842374316237	5.177393008296139	120.20985807896865	-0.7718414331090452	52.07156613409681	71.56849615753707
4.885129607472262	84.19208757401027	5.189240499212913	120.561295550026	-0.7733555625257812	51.6404011106737	71.17373610342098
4.89953923045741	83.76806915380007	5.201107801277094	120.90989604215753	-0.7748826469571443	51.21874151132419	70.78104626353414
4.913911024271063	83.34635619559636	5.212990585327296	121.25572106037549	-0.7764217941352941	50.805988469799324	70.39041946871079
4.9282440273020365	82.92693646097207	5.2248848529540535	121.59882841660661	-0.7779720806213493	50.4016345777405	70.00184829551165
4.942537078637399	82.50979776154743	5.23678688445563	121.93927280043911	-0.7795325527767853	50.00525204526838	69.61532511449704
4.956788841377445	82.09492796025194	5.248693193869232	122.2771062723534	-0.7811022296745099	49.61648132288328	69.23084213187623
4.9709978298107815	81.68231497233636	5.260600490786192	122.61237868261142	-0.7826801078188583	49.23502021379903	68.8483914248199
4.9851624398112575	81.27194676616121	5.272505648634499	122.945138019258	-0.7842651674864747	48.86061352998322	68.4679649707447
4.999280981672329	80.86381136378753	5.284405679074197	123.27543068910356	-0.7858563804460716	48.493043363126546	68.08955467091285
5.013351714481722	80.45789684139514	5.296297712104438	123.60330173607431	-0.787452718767999	48.13212005271076	67.71315236873029
5.027372881065944	80.05419132955262	5.308178981429837	123.92879500187694	-0.789053164397367	47.77767393698088	67.33874986317362
5.041342742504213	79.65268301336366	5.32004681458274	124.25195323448854	-0.7906567191393582	47.429547969096554	66.96633891782058
5.055259611225279	79.2533601325119	5.331898627251089	124.5728181504992	-0.7922624146936763	47.08759127058708	66.59591126600067
5.06912188175672	78.85621098122733	5.34373192122265	124.89143045776358	-0.7938693223772838	46.751653678426656	66.22745861261677
5.0829280582901495	78.46122390819454	5.355544285328543	125.20782984512583	-0.7954765621904129	46.42158132178634	65.86097263321255
5.096676778351464	78.06838731642219	5.3673333987543295	125.52205494614492	-0.7970833109092793	46.09721324120451	65.49644497087188
5.1103668320148214	77.67768966309161	5.379097036087152	125.83414328374742	-0.7986888089284557	45.77837903807658	65.13386723153549
5.12399717626429	77.28911945940035	5.390833073482619	126.14413120256842	-0.8002923656245002	45.46489751746457	64.7732309783042
5.137566944278999	76.90266527041382	5.402539495365231	126.45205379541447	-0.8018933630678992	45.15657626366215	64.41452772526894
5.151075449587638	76.51831571493706	5.414214401119713	126.7579448298039	-0.8034912579702286	44.8532120669833	64.05774893136692
5.164522185198585	76.1360594654154	5.425856011285962	127.06183667993466	-0.805085581815199	44.554592102806296	63.70288599471113
5.177906817956171	75.75588524787072	5.437462672834773	127.36376026872323	-0.8066759391834982	44.26049575069437	63.349930247780065
5.191229178496884	75.37778184187813	5.449032863172783	127.66374502377673	-0.8082620043398911	43.97069693281539	62.998872953788535
5.223901009284331	75.00173813678141	5.4607278867022915	127.96002915171144	-0.8098379108501761	40.47678192753775	62.649558783855
5.69743912774753	74.62777530132094	5.4884785114777195	128.0773502832521	-0.8108350177955619	1.0030313770432049	62.28765476562446
6.788593335776547	74.25597851225051	5.525570550728075	128.08946822314772	-0.8116341551310106	1.0038327694923022	61.91928645182196
8.496682219870882	73.88634743274235	5.562439117647907	128.1015971068738	-0.8124683459339634	1.004683202642993	61.55307055413908
10.813712501318193	73.51886911566737	5.599085477164976	128.1137376504808	-0.8133575414817551	1.0056097214832846	61.18899426892103
13.728690739836498	73.15353056586103	5.63551086928926	128.12589089839483	-0.8143236438790142	1.0066416843355774	60.827044771686225
17.227686445437516	72.7903187305267	5.671716507979722	128.13805824672752	-0.8153896732368213	1.0078095109611638	60.467209209501725
21.29390033529528	72.42922049911068	5.707703581391188	128.15024144070154	-0.8165773333866331	1.0091412902004102	60.109474700648136
25.907736563967855	72.07022272294546	5.743473254916144	128.1624425189937	-0.8179027465943757	1.0106569952407003	59.7538283495759
31.046880806086392	71.71331226452132	5.779026678340798	128.1746636793418	-0.8193707853291776	1.012360985218135	59.40025728484725
36.68638889054306	71.35847608103253	5.814364997630934	128.1869070544926	-0.8209693262306367	1.014234790583556	59.048748723785174
42.79879282067904	71.00570133712505	5.849489370338193	128.19917441532823	-0.8226652536218647	1.016233022201481	58.69929006016827
49.35423019317698	70.65497553214475	5.884400982043003	128.21146684620305	-0.8244034622340718	1.0182843819276473	58.35186896405556
56.320598683891525	70.30628662347077	5.9191010607660495	128.22378444705112	-0.8261089367319843	1.020297248216048	58.0064734799141
63.66373335570745	69.95962312748449	5.953590887147313	128.23612610732172	-0.8276922995268816	1.0221680216273505	57.66309210841181
71.3324845387238	69.64728794167442	5.987873058760037	128.21196097954717	50.24049861158774	1.0236790184117204	57.35082421884172
78.8297925981946	70.246590842116	6.022165997439663	127.15752637657232	259.27064104436096	1.0238963079685839	57.859842202411045
85.8694825099973	71.93366569685824	6.057077928641034	124.86710054749851	421.47050250803466	1.0245608649610336	59.34827726866409
92.3877250905832	74.44478862659561	6.093129282693639	121.63296674231663	542.8977404740276	1.0251940825156014	61.578071480992705
98.34671907362278	77.55239418404209	6.130706223029425	117.70802611870846	629.3027760901974	1.0255711497322773	64.34386302793928
103.73575240563069	81.06336805349117	6.170079628782177	113.30751818295073	686.2128488340381	1.0267624029397897	67.4714310132513
108.55857473894643	84.8167123477273	6.2114232971421135	108.61145877850458	718.6203173790127	1.0279595188250472	70.81557572124787
112.83434722483835	88.68042699621981	6.254831734761293	103.76796841189707	731.1067583550732	1.0280247628726293	74.25729302834095
116.59673797528356	92.54917612945698	6.3003346861174965	98.89574942642082	727.8838798825615	1.0277491248712363	77.70165895796346
119.88555401388805	96.34147437279387	6.347910477462463	94.0871187066555	712.6268954256553	1.0276632293147048	81.07528278858682
122.74247845052503	99.99625823542492	6.397498556350644	89.41174407411242	688.44931519788	1.0275750406758255	84.32320691808488
125.21089948085007	103.46970497909555	6.449009834581616	84.92012519322391	657.9938369042186	1.0279038231435065	87.40603166172423
127.33153075160718	106.7323159795077	6.502335266212107	80.64679501482279	623.3883551296326	1.0284407131040656	90.29727992188788
129.14271783456934	109.76601259330636	6.5573528485787005	76.61352443519777	586.3416667204903	1.0297035664349048	92.98077454479964
130.67686877275193	112.56152612894311	6.613933488650797	72.83220709913518	548.1177980152853	1.0307000887557252	95.44828165792097
131.9625215686019	115.11613511584893	6.671945517664074	69.30736662478554	509.6644823919411	1.0306271726195082	97.69746810647281
133.02620582715969	117.43207349115639	6.73125736461521	66.03792594422565	471.71799726290095	1.0298523715341605	99.73046497886588
133.89043433800268	119.51510928598903	6.791739753210624	63.018789221515206	434.7850341359918	1.0286993001686366	101.55258516466519
134.57615663959467	121.37372890482531	6.8532665785427085	60.241753973577275	399.2426923880307	1.0286995380645085	103.17158768133564
135.09790767749925	123.01783123460072	6.9157165031695484	57.696969170035835	365.2313520910136	1.029649622323985	104.59649975804606
135.46609094263997	124.45758008795184	6.978974410688464	55.37421598304099	332.7593437170297	1.0303782062321578	105.83658169122822
135.69181134943835	125.70329396631173	7.0429307970050505	53.263039051011866	301.8495963265536	1.0315472109397414	106.90122808045642
135.78216169398286	126.76493161634843	7.1074819372793625	51.35332596345295	272.416046991017	1.0324016543562373	107.7995042153775
135.74299449765672	127.65191838839152	7.172529797935638	49.63550444382523	244.35103316156648	1.032265730574285	108.53998972113139
135.580517513964	128.372936431112	7.237981729199908	48.10078281164412	217.57911601216998	1.031312458290071	109.13058982154239
135.3016648320801	128.93642961417504	7.303749056575252	46.74059491365413	192.05390852586655	1.0309687797361042	109.57899149333308
134.90942457096108	129.35014793517922	7.369747357935932	45.54711189595191	167.63112000647655	1.0309141926225314	109.8922527722912
134.4070754409297	129.6210611048305	7.435896293268993	44.51334172558232	144.19848363800818	1.0314652657974046	110.07672505546074
133.79596118964906	129.75533912149092	7.502119134063762	43.63315631801355	121.61029955547353	1.0322298149649027	110.13803602470911
133.07733039040315	129.75830719133788	7.568342631996711	42.90134392182405	99.7431830959448	1.0328688705243512	110.08104915255956
132.2031498666487	129.63362355333925	7.634496343120329	42.31454561040272	77.03060372242219	1.0332169958032382	109.90912361280978
130.5875807156925	129.33172470600863	7.70050203615349	41.92962868452157	37.22233626199197	1.0329996071057705	109.57767808095052
128.19305841492212	128.76400799157213	7.766234572029628	41.84809067719728	-0.8366808524870686	1.0338342808018033	109.00700308066887
124.74455050165874	128.11677739521286	7.831586781512081	41.86058694677625	-0.8374040748052797	1.0347378253516584	108.36503658891958
120.16953291718065	127.47332496655343	7.896549835670007	41.87309459542422	-0.8381928139204149	1.0357334632835578	107.72682444223729
114.5572053907306	126.83362819299947	7.961125950136347	41.885614690410456	-0.8390456498033547	1.0368194082794084	107.09234436293971
108.01698700178476	126.19766475853778	8.02531733732266	41.89814811230272	-0.839941597009995	1.0379626484276638	106.46157425334691
100.67639430029637	125.56541265419159	8.089126226113569	41.91069521351391	-0.8408429842377833	1.0390993107316493	105.83449227754772
92.67860394172062	124.9368502406621	8.15255487642192	41.92325558741039	-0.8417088718782768	1.0401522071669251	105.21107690472084
84.1797407722804	124.31195620329555	8.215605577668537	41.935828135921795	-0.8425170647325253	1.0410650558604846	104.5913068699342
75.34590308599275	123.69070937695165	8.278280624919667	41.94841152992799	-0.8432836642186327	1.0418377402000205	103.97516103786661
66.34992340418087	123.07308850570695	8.340582279884037	41.96100490982642	-0.844063369932093	1.0425364134595294	103.36261822146204
57.367906992738014	122.45907207973538	8.402512737506193	41.97360843733059	-0.8449240416816748	1.0432646832005017	102.7536570650713
48.5756646851767	121.84863836748399	8.464074118618083	41.98622333994387	-0.8459100200653027	1.0441112972151454	102.14825608005933
40.14519174208466	121.24176563489222	8.5252684929964	41.998851409611056	-0.8470192121244435	1.0451084242183566	101.54639382152772
32.24131406131688	120.6384324171622	8.58609791748394	42.01149427628305	-0.848208340781416	1.0462261972589215	100.9480490988092
25.01854894320706	120.03861769140966	8.646564466920928	42.024152872576565	-0.849417831015338	1.0473989217522681	100.35320110314294
18.618179356142548	119.44230089354102	8.706670245778437	42.036827286735516	-0.8505964689169425	1.0485584074719658	99.76182941239867
13.165554569948503	118.84946182255563	8.76641738232267	42.04951693496244	-0.8517141051616385	1.0496563750091739	99.17391391011972
8.767710124449605	118.2600805063556	8.825764218408642	42.06270262532277	-0.852760788396971	10.731078479984328	98.5894741332855
5.628670340028636	117.67381565643623	8.712193282779962	43.97446219764713	-0.8530043770413608	514.9761714206456	98.16362376005067
3.707909251075157	117.08938035493557	8.368109653467526	48.4197940107797	-0.8538094146912324	777.7567177402993	97.94709072204326
3.0099157067533913	116.50591104550357	7.931002924396299	53.88728835022133	-0.854386278441499	821.2383581016154	97.81523254153807
3.1534969415629046	115.92324715299537	7.519853744463221	59.06833952801945	-0.8551811700898518	728.7842870955757	97.66071478246141
3.2925704312336483	115.34163449726545	7.162350123601397	63.65810165847434	-0.8560020899496569	646.0223671992198	97.4588147510487
3.416386433796694	114.76133430946102	6.851721106089107	67.73076006332852	-0.856807564083126	573.6157775993294	97.2158677507855
3.5255925051817805	114.18257355391214	6.582031100462757	71.35134977898862	-0.8573906028130889	510.46714137290957	96.93742563373817
3.623195860342908	113.60554743034034	6.348033034853621	74.57736802032524	-0.8579400360362011	455.2008757421876	96.62839134728532
3.710102958227941	113.0304246168535	6.145237046305379	77.45801267359604	-0.8583447756032201	406.9174279821074	96.29296177526857
3.788391157691087	112.45734986776289	5.969689332381971	80.0366119932259	-0.8588160129349588	364.61217146188955	95.93482931115398
3.858862813187422	111.88644830604775	5.817952450468235	82.35083645901508	-0.8593336252002564	327.57809681591453	95.55720347349506
3.9220236109243642	111.31782539649835	5.687029846223438	84.43352899349868	-0.859770412270795	295.23113273544243	95.16287887412155
3.9781847236999073	110.75157523346655	5.574191790505119	86.31461029062613	-0.8596386940521017	267.06438187160865	94.75439949816344
4.028486853502546	110.18777648478613	5.477091642839755	88.019804500954	-0.859361552897648	242.49701453503354	94.3339503080598
4.0733509418581075	109.62649546396743	5.393651343147865	89.57189535108992	-0.8588387158021177	221.1122290844871	93.90346317190952
4.115005457337772	109.06778646199933	5.322132097818375	90.98994822193826	-0.8586251109281933	202.2495871099553	93.46455348124411
4.154550364387564	108.51169278893782	5.2611449673426005	92.28919250773129	-0.858811094668467	185.49456840409863	93.0185115509867
4.19145283980014	107.95825210594138	5.209448561645227	93.48324094218839	-0.8589442985833061	170.7285685924279	92.5664896795461
4.22538762500551	107.40749751474071	5.165869369125494	94.58496474796222	-0.8588667999901346	157.8098877974703	92.10957490595966
4.2566758179650925	106.8594557554949	5.129350830376028	95.6059558621541	-0.8587641929644223	146.50897404738814	91.64874317578277
4.285740356438537	106.31414697805337	5.098978589525349	96.55624943002049	-0.8588159756508862	136.6030551750078	91.18483638606129
4.312819989999324	105.77158609498142	5.073958838899788	97.44456048477295	-0.8590464886713838	127.92003631674058	90.71858311358707
4.338033919269317	105.23178419282607	5.053590574337808	98.27858754439028	-0.8593755432691472	120.32314366233835	90.25062488152096
4.361508919290122	104.69474933822251	5.037251710136201	99.06516443630997	-0.8597100450020168	113.6875045881925	89.78152939467236
4.383430334041783	104.16048690400915	5.024395344368362	99.8103010104173	-0.8599937251093311	107.89106339709126	89.31179419787459
4.40402680258379	103.62899972889412	5.0145476820665555	100.51920580361715	-0.8602125113851187	102.81677542399672	88.84184869083566
4.4235350274822745	103.1002882980801	5.00730339450539	101.1963368836098	-0.8603800612212499	98.35768469976851	88.37205847168894
4.442172574832742	102.57435098582235	5.0023183213985	101.84548185063687	-0.8605219703515906	94.42022312576258	87.90273213011159
4.460124823029626	102.05118433242602	4.999300970941036	102.46985102400683	-0.8606653258256928	90.92495904546132	87.43412915449098
4.477542303846644	101.53078331972182	4.9980041413266605	103.07216929412071	-0.8608335375713743	87.80564021025063	86.96646772828393
4.494543479516448	101.01314162217903	4.99821739829327	103.65475858571135	-0.861044561267527	85.00747687306912	86.49993173323041
4.511219607335082	100.49825182430412	4.999760668915666	104.21960808046366	-0.8613108824477425	82.48526453969512	86.03467671656617
4.52763993272031	99.9861056033606	5.002478947594973	104.76843224465745	-0.8616402594210362	80.20163784415979	85.57083482501407
4.543856430539835	99.47669388048027	5.006237994357522	105.30271797712417	-0.8620366948815156	78.12556510659672	85.10851881632681
4.559907820455934	98.97000694468933	5.01092086993367	105.8237625832303	-0.8625013837048033	76.2311031538418	84.64782529257266
4.575822820671767	98.46603455452232	5.016425153993007	106.33270425946633	-0.8630335323755247	74.49639266674257	84.18883729777416
4.59162270760248	97.9647660214686	5.022660710148055	106.83054658411149	-0.8636310201385025	72.9028600672939	83.7316264065951
4.607323285928635	97.46619027886372	5.029547883184367	107.31817826985558	-0.86429090736415	71.43458947354262	83.27625441052194
4.622936378767195	96.97029593918705	5.037016035509118	107.79638919811796	-0.865009811419673	70.07783097040955	82.82277468799815
4.638470938624302	96.47707134213387	5.045002348968675	108.26588354473292	-0.8657841745845754	68.820616150598	82.37123332717587
4.653933865195078	95.98650459532423	5.053450834300063	108.72729062998255	-0.8666104476746018	67.65245699508839	81.92167005497673
4.669330600421521	95.4985836091012	5.062311503557941	109.1811739825779	-0.8674852099736916	66.56410894572011	81.47411901400294
4.684665556663539	95.01329612654433	5.0715396712107745	109.62803899368599	-0.8684052423617016	65.54738316787505	81.02860941921944
4.699942421274581	94.53062974956809	5.0810953576473885	110.06833944886641	-0.8693675669314896	64.59499643104432	80.58516611884748
4.715164370522503	94.05057196178069	5.090942775006132	110.50248315811997	-0.8703694632449362	63.70044978404657	80.14381007817529
4.730334217540426	93.57311014862944	5.101049879923992	110.93083685288444	-0.8714084687849586	62.857929354700254	79.70455880063555
4.745454512565829	93.09823161524493	5.111387981334619	111.35373048009204	-0.8724823691050096	62.0622242604315	79.2674266972165
4.760527608820378	92.62592360231191	5.121931394094187	111.77146099435109	-0.8735891815937773	61.30865787327975	78.83242541280877
4.775555703700574	92.1561733002298	5.132657131198987	112.18429572755107	-0.8747271355803868	60.59302962559879	78.39956411624398
4.79054086222874	91.68896786177643	5.1435446288472555	112.59247539887244	-0.8758946506260732	59.91156524301617	77.96884975939565
4.8054850277361245	91.22429441345187	5.154575499719036	112.99621681588961	-0.8770903142134726	59.26087380680071	77.54028730966922
4.820390023338572	90.7621400656497	5.165733310699932	113.3957153081162	-0.8783128595977312	58.637910424394505	77.11387995941422
4.835257546780251	90.30249192178084	5.1770033819305565	113.79114692715115	-0.879561144279251	58.03994355992237	76.68962931518043
4.850089160553081	89.84533708645709	5.188372604577752	114.18267044194782	-0.8808341293605019	57.46452627323383	76.26753556926067
4.864886278763476	89.39066267282712	5.19982927513591	114.57042915320994	-0.8821308599311147	56.90947075725863	75.84759765557767
4.87965015194738	88.93845580914606	5.211362944405896	114.95455254719968	-0.8834504465645976	56.37282566500326	75.4298133916578
4.894381850877075	88.48870364464864	5.222964279585225	115.33515780610917	-0.884792047989132	55.85285579144094	75.01417960816522
4.909082250317336	88.04139335479032	5.234624938150288	115.71235118943338	-0.8861548549999907	55.34802373104491	74.60069226724326
4.9237520136418915	87.59651214590997	5.246337452428625	116.08622929840645	-0.8875380757007675	54.85697317572469	74.18934657070392
4.93839157918728	87.15404725936429	5.258095123951616	116.45688023345015	-0.8889409221854431	54.37851355564213	73.78013705893035
4.953001149180885	86.71398597517755	5.26989192684834	116.82438465271721	-0.8903625987957959	53.91160576052742	73.3730577011975
4.967580682018395	86.27631561524588	5.28172241969042	117.18881673817714	-0.8918022921029948	53.455348714218395	72.9681019779779
4.98212988857419	85.84102354613135	5.293581665324995	117.5502450742962	-0.8932591627642065	53.008966611635785	72.56526295568143
4.996648233102093	85.40809718147835	5.305465158337393	117.90873344321771	-0.8947323393923191	52.57179666579566	72.16453335418106
5.011134939124004	84.97752398408119	5.317368759865768	118.26434153946438	-0.8962209145486633	52.1432772524943	71.7659056074013
5.025589000515077	84.54929146763101	5.329288639545961	118.61712560657095	-0.8977239429257894	51.722936381029825	71.36937191719375
5.040009197784628	84.12338719816795	5.34122122439618	118.9671389977118	-0.8992404417322305	51.31038045936288	70.9749243006953
5.054394119332885	83.6997987952635	5.353163154458841	119.31443266230454	-0.9007693932271972	50.90528335981588	70.58255463135558
5.068742187247436	83.27851393295732	5.365111245002878	119.65905556072613	-0.9023097492845633	50.507375824998874	70.19225467383284
5.083051687002495	82.85952034047345	5.377062455057007	120.00105500963748	-0.9038604377968835	50.1164352815296	69.80401611298781
5.0973208002508406	82.44280580273899	5.389013861996949	120.34047696093806	-0.9054203706661019	49.732276149982795	69.41783057724508
5.111547639762136	82.02835816072879	5.40096264185171	120.67736621800721	-0.9069884530721036	49.35474075245777	69.03368965664603
5.125730285469634	81.61616531166189	5.412906054930786	121.01176659358298	-0.9085635936666444	48.9836909238429	68.65158491597397
5.139866820544183	81.20621520907085	5.424841436310766	121.34372101433108	-0.9101447153108309	48.61900042943647	68.27150790338746
5.153955366420439	80.79849586276802	5.4367661906606415	121.67327157780461	-0.911730765960459	48.260548280708306	67.89345015505171
5.167994115753168	80.39299533873196	5.448677790834634	122.00045956805145	-0.9133207293054658	47.908213023760055	67.5174031963039
5.181981362376697	79.98970175893346	5.460573779623063	122.32532543655104	-0.9149136347868742	47.56186805283837	67.14335853991928
5.1959155274703575	79.58860330112388	5.472451774027818	122.64790875542357	-0.9165085666455034	47.22137797568376	66.77130768206852
5.209795181289303	79.18968819860132	5.484309471421523	122.9682481499433	-0.9181046716995059	46.88659603024201	66.40124209655838
5.223619059993336	78.79294473997415	5.496144656958286	123.28638121728763	-0.9197011656000749	46.55736252494107	66.03315322794222
5.237386077287543	78.39836126893431	5.507955211629197	123.60234443818263	-0.9212973373740021	46.23350424884726	65.66703248405865
5.251095330767988	78.00592618405439	5.519739120395846	123.9161730876638	-0.9228925521254552	45.91483477488565	65.30287122852121
5.2647461030358755	77.61562793861707	5.531494479888174	124.22790115059239	-0.9244862518348638	45.601155559882244	64.94066077362962
5.278337857797401	77.22745504048561	5.543219505216377	124.53756124687071	-0.9260779542576574	45.29225773019967	64.5803923741164
5.291870231299425	76.8413960520195	5.554912535517817	124.84518457052157	-0.9276672499875884	44.987924431541785	64.22205722207357
5.38420249170037	76.45744050037591	5.56788710473835	125.13633408245296	-0.9292057605623139	31.763802503476484	63.864462518592376
6.02295227025245	76.0756349064855	5.601513903933828	125.19787961239889	-0.9300807663668665	1.1562768852851202	63.49019910139787
7.292436395431601	75.69604927114487	5.639240626143909	125.21181743602293	-0.9309152677903285	1.1571184443582891	63.11424202252334
9.18874266984616	75.31867382909371	5.676739254837844	125.22576676990745	-0.9317927718319944	1.1580203693253883	62.740481598428666
11.70298577894404	74.94349532069187	5.714011074113975	125.23972847236409	-0.9327348900552292	1.159012028912874	62.368904726646704
14.823235454857688	74.57050043119136	5.751057341717209	125.25370375386407	-0.9337647703748694	1.1601244561177153	61.999498278805504
18.5345817509601	74.19967578545423	5.787879288565556	125.26769418821523	-0.934905601385874	1.1613881596265483	61.63224909629607
22.8192044449354	73.83100795662199	5.824478120311213	125.28170168559343	-0.9361773382054631	1.1628285561277796	61.267143996676346
27.656446682734774	73.46448349943923	5.860855022405747	125.29572839917007	-0.937591664288378	1.1644591271988316	60.904169799129235
33.02289620179046	73.10008901649867	5.8970111697389385	125.3097765442278	-0.939146032644661	1.1662736065031252	60.543313375459185
38.89248029748341	72.73781125804594	5.932947740722356	125.32384813046181	-0.9408184550081501	1.1682397767428274	60.1845617273185
45.23658168846298	72.37763724548556	5.968665933982685	125.33794463879141	-0.9425647347709735	1.1702976125328841	59.827902082434996
52.024179760413006	72.01955440153154	6.0041669846254075	125.35206669538952	-0.9443187830294014	1.1723626718667732	59.47332199721269
59.22201696122328	71.66355066907809	6.039452177252631	125.36621379416246	-0.9459959723384307	1.174333269273984	59.120809452094974
66.7947887040591	71.30961459723342	6.074522853803749	125.38038411328465	-0.9475013025086334	1.176100731306062	58.77035292200868
74.63606692700539	71.10207849935155	6.109392368067335	125.23133524699169	106.14664047250969	1.1771746896036026	58.55196948764342
82.17567787067965	72.00057693921202	6.144405087538349	123.83089209576822	307.3920989451061	1.1775445633574937	59.32988455105735
89.2295200429725	73.94094520018197	6.180187217543162	121.24467253081924	462.34520845228235	1.1782013127282709	61.04572791228719
95.73915411392632	76.66304661340865	6.21723505417989	117.76117173086908	577.1183030841102	1.178779479065889	63.46469509840427
101.67358659939481	79.94322542757428	6.255912629119689	113.62911634652413	657.5495829558744	1.1793943319414946	66.38496648509421
107.02567541231453	83.59265284115526	6.296470695522452	109.05912463874724	709.1443695540346	1.180712146472791	69.63620013120071
111.80212821430746	87.45425749789847	6.339065893078269	104.2269642035134	736.8667655800256	1.1809200406273146	73.0767491935317
116.02856909622407	91.40009761220682	6.383777606180306	99.27633603022257	745.3700573150807	1.1802943202105016	76.59127928470856
119.7412642283545	95.32903911616816	6.430622142141552	94.32134223517254	738.817470570705	1.1796327139743252	80.0886639405645
122.98138566283225	99.16333482731847	6.479566778422383	89.45019708248357	720.8124859353363	1.179230607611866	83.49889013414061
125.79201281024088	102.84528055997112	6.530541872398551	84.72887237084822	694.4090957997549	1.178911694563883	86.77003485366897
128.21689278180713	106.33397889797864	6.583451029240794	80.20464252363504	662.1721285943623	1.1789925345515777	89.86534042228634
130.2972570326905	109.60243083387257	6.638179368600925	75.90928010311346	626.169542712921	1.1793533332952848	92.76058690565013
132.07137333882974	112.63468007707598	6.694600262889114	71.86220862112351	588.0433779637247	1.1806180952070222	95.44151334611429
133.57113288622563	115.42317593289445	6.752581000431287	68.07342019108475	548.9899202891936	1.181766366096723	97.90143687609293
134.82417433444667	117.9664824512177	6.811987247231516	64.54601511057696	509.8908569906286	1.1817550898403155	100.13918486845601
135.85663511221213	120.26782069612132	6.8726854077813995	61.277823127787144	471.4406560443092	1.180969833798347	102.15777953904497
136.6907315390066	122.33371796368813	6.93454464116926	58.26290764817018	434.11396142201676	1.1798117579444816	103.96321920947646
137.3467379207448	124.17319652584753	6.997437675403453	55.49247349635394	398.25122448555317	1.1796957950436955	105.56374671211178
137.83890881984485	125.79655186931087	7.061242209498739	52.956232083192205	363.9722858728544	1.1804989657814762	106.9687474412722
138.1777044149937	127.21422956337742	7.1258423088892116	50.64365519560183	331.27851468389525	1.1813007642482662	108.1877362653047
138.37337178351237	128.4367444134784	7.191127722595984	48.5440738642132	300.16103826458254	1.1825083629059114	109.23028530710128
138.43299250478765	129.47412868290232	7.256994145372904	46.64729898921807	270.53121973905894	1.1834583595396677	110.10552661038686
138.36167838099732	130.33580839461692	7.323343036778684	44.943763109516986	242.25903775445042	1.1831826780678911	110.82204086291733
138.16626990332927	131.03046187290775	7.390081206302074	43.42468481429105	215.28812498091253	1.1822555310302951	111.38773033027539
137.85300604300667	131.56653571992126	7.457119362417775	42.081501649893085	189.55111248594892	1.1818445013889334	111.8102850067599
137.4250809999912	131.95171640002062	7.524372548561195	40.90646243380319	164.91172380464792	1.1817704032838998	112.09670617248597
136.88550664957702	132.1929489514399	7.591759751364956	39.89261041985804	141.25044552964397	1.1823337103669866	112.25332360367112
136.23539142356015	132.29630803191696	7.659203659335436	39.033931671243685	118.4174378842239	1.1829964345883843	112.28567961493832
135.47617721264788	132.26706227900837	7.726630323027952	38.32528607141271	96.29665383526252	1.1836619393302925	112.19858734773011
134.45629565743732	132.10454375475106	7.793968185607753	37.76821551544564	70.31544002007578	1.183908823495993	111.99150952175073
132.60006483076398	131.7343985934389	7.861128966977243	37.447710952663996	25.282434791629335	1.1838580157279004	111.59754020401951
129.93160315037974	131.10836512651474	7.927975095441714	37.41982135717911	-0.9517973986583891	1.184707297766611	110.97332435231807
126.1232403597449	130.4488698325633	7.9944257663469385	37.43409365938677	-0.9524998028454078	1.1855770230654852	110.31931897857332
121.18690499890664	129.79322374211486	8.060480012390821	37.44837703511077	-0.9532757401287167	1.18654929938444	109.66913849524693
115.2188465285357	129.14140387626577	8.126140084742085	37.46267268765634	-0.954124757060128	1.1876248361682116	109.02276017254391
108.33542541594193	128.4933874535979	8.191408230012524	37.4769816472962	-0.9550253879770695	1.1887713612645445	108.38016146268957
100.67085514366758	127.84915201030037	8.256286711398479	37.49130440297693	-0.9559377875028134	1.1899229343394324	107.74132008910082
92.37463686918616	127.2086754714699	8.320777824909294	37.50564064323639	-0.956817684961823	1.1909978819170084	107.10621409600057
83.60872878932193	126.57193611023952	8.384883898878426	37.519989307766274	-0.9576392688579759	1.1919345885951071	106.47482181203705
74.54446033788662	125.93891237245391	8.448607270204796	37.53434904687392	-0.9584151978176008	1.1927279129398802	105.84712171373799
65.35918875195178	125.30958263636616	8.511950245267114	37.54871892296761	-0.9591963655316431	1.1934387112112055	105.22309224423341
56.232745240563546	124.68392505401249	8.574915067054429	37.56309895136678	-0.9600457646644002	1.1941639937685975	104.60271169996226
47.34379581709837	124.06191758759601	8.637503908442707	37.57749013314635	-0.9610028573636221	1.1949856832667562	103.98595826950752
38.86627165155882	123.44353822053495	8.699718894428804	37.5918939720783	-0.9620635323083231	1.1959323291590707	103.37281020369926
30.965984123044336	122.8287652051719	8.7615621373197	37.606311807638676	-0.963187360952547	1.1969765085543254	102.76324600707409
23.797464875948496	122.21757720777173	8.823035763936764	37.620744351913174	-0.9643216732744286	1.198060564714148	102.1572445439955
17.501031572490316	121.60995330893562	8.88414192469212	37.63519158928905	-0.9654236046393371	1.1991268839133675	101.55478503085003
12.200098719329455	121.005872907574	8.94488278724968	37.649652954694496	-0.9664702059298217	1.2001369046243162	100.95584695524718
8.011424686949235	120.4053094782701	8.991959966831235	37.81044065441079	-0.967266275178042	164.619698346191	100.37238694724223
5.138112128683019	119.80764861574787	8.803999948925078	40.55335762602864	-0.9676396003210359	612.1789348976878	100.00328708722778
3.479954312094384	119.21156825016021	8.417411899459594	45.47939698326302	-0.9684071296239224	824.1081262556814	99.81455527090151
3.0956408699046625	118.61637510302803	7.969768629637609	51.076041207564245	-0.9687172075449797	813.5532379427248	99.68162745350493
3.2510706151600015	118.02205512499087	7.565293354392839	56.1968508104387	-0.9695240409175286	720.2367680650273	99.51059618972802
3.3884905964484515	117.42888179597102	7.213704133344173	60.73461810376646	-0.9703219109204334	638.7361117824283	99.29295284921344
3.511034049565539	116.83711169320966	6.908280197771662	64.7629816111844	-0.9711127265472344	567.4091725358924	99.03498332922351
3.6190910428347594	116.24696779908165	6.64316268439826	68.34613685865648	-0.9717401838229331	505.21411994906794	98.7421667699851
3.7158650282373955	115.65864171531062	6.413195672472158	71.54058246450485	-0.9723033994197335	450.7579863860744	98.419320759314
3.801979046773229	115.07229908296867	6.213952684050106	74.39482251169383	-0.9727091088505522	403.1988846146128	98.07058234136815
3.8794295565120023	114.48808198815473	6.041533630142044	76.95159742182227	-0.9730985487810943	361.5545950467725	97.69959311532682
3.949390612404688	113.90611294859256	5.892550597168881	79.24803579923231	-0.9736612231414778	325.0646024440565	97.3095156319133
4.012105149703436	113.32649502559367	5.764064518519982	81.31635091735895	-0.9740686382709823	293.19808185863457	96.90309054691332
4.067976177643401	112.74932049700084	5.65338686343857	83.1860123405644	-0.9739450147058213	265.43977954123665	96.48282309329942
4.117969685783054	112.17466620589038	5.558204264338569	84.88238027961924	-0.9736501906017844	241.2434115439099	96.0508666140107
4.1625999730900425	111.60259700096019	5.476463305970633	86.42796902323764	-0.9731110406886941	220.18078136415815	95.60912945494562
4.204100165970747	111.0331656659687	5.40645569895061	87.84151010899828	-0.9728880202230726	201.5957826122413	95.15919816848483
4.243484540541707	110.46641429158232	5.346813540329413	89.13800290688803	-0.9730412030555612	185.09164409142025	94.70234301914682
4.280253699071508	109.90237945184656	5.296311807764038	90.33088133400857	-0.9731380260906753	170.54693495318566	94.23970058025459
4.314141885814034	109.3410931054038	5.253797402616308	91.43279336211391	-0.9730441010090247	157.81346852966865	93.77233847097979
4.345477961254152	108.78258090730634	5.218235451246463	92.45509361103234	-0.9729433605823175	146.6640153396389	93.30121212257653
4.374664149142494	108.2268620822509	5.18873024461698	93.40761315626929	-0.973004701971853	136.88235310285415	92.82714579967026
4.401915607663953	107.67395076472936	5.1645025890872045	94.29890715589616	-0.9732455882453103	128.3027455975931	92.3508542122903
4.427330035213026	107.12385736254046	5.144862517579429	95.13655348695515	-0.9735829176535435	120.79383582463574	91.87296832879379
4.451014631467985	106.57658933096945	5.129195939607292	95.9272987203239	-0.97392149947285	114.2353403874596	91.39404810032633
4.4731382716669765	106.03215148400038	5.116961433431682	96.67709305533066	-0.9742024815737343	108.50885608020036	90.91458563114304
4.4939176216939805	105.49054614391802	5.107688785422508	97.39110621772464	-0.9744091814647768	103.49992602736441	90.4350066292753
4.5135821067966315	104.95177331132696	5.100974985135835	98.07377132170595	-0.9745533012163011	99.10319049377728	89.95567416773982
4.532345903996911	104.41583089751937	5.096477466006128	98.72885895973529	-0.9746593821469648	95.2259103697885	89.47689498334532
4.550393811890713	103.88271499344714	5.093905995731285	99.35956610436018	-0.9747542757617876	91.78896030536394	88.99892702496929
4.567877675209463	103.35242013979004	5.093014552947362	99.96860515961588	-0.9748617896125693	88.72606662350972	88.52198701517364
4.584918488584438	102.82493957486707	5.093593959355708	100.558284727487	-0.9750007291671808	85.98222813455583	88.04625731127156
4.601610773812226	102.30026545045837	5.09546555817652	101.13057890103993	-0.9751847296980535	83.51193401578959	87.57189179484858
4.6180274092817015	101.77838901408548	5.098475956278245	101.68718489502233	-0.9754228739463351	81.27748414612003	87.09902077279938
4.634224095726664	101.25930076044841	5.102492724727148	102.22957016869428	-0.9757205619809167	79.24752982559627	86.62775498713634
4.6502431672852245	100.74299055625781	5.107400913041799	102.7590106279685	-0.9760803793783249	77.39585905618985	86.15818886776225
4.66611670272032	100.22944774290299	5.113100232112953	103.27662149727674	-0.9765028582146725	75.70040966818883	85.69040316287399
4.681868995756074	99.71866122102301	5.1195027763146035	103.78338228078296	-0.9769870991611765	74.14247888522426	85.22446706730496
4.697518479620213	99.21061952046131	5.1265311756470515	104.28015700976076	-0.9775312573776599	72.7060953116264	84.7604399502832
4.713079205704465	98.70531085847607	5.134117088838746	104.76771075269545	-0.9781329091301134	71.3775218791085	84.29837276543911
4.728561967604242	98.20272318852447	5.14219996618357	105.2467231689477	-0.9787893202501223	70.14486270713785	83.8383092093162
4.743975148333396	97.70284424146406	5.15072602589902	105.717799722256	-0.9794976370037468	68.99775157366	83.38028668068931
4.759325354359148	97.20566156062672	5.15964739999914	106.18148103650088	-0.9802550173972757	67.92710408117422	82.92433708164654
4.7746178871198675	96.71116253190846	5.168921415394039	106.63825076960865	-0.9810587178155237	66.92491938149789	82.47048749235542
4.789857091570999	96.21933440977115	5.178509983547555	107.08854229793513	-0.981906146837551	65.98412044077399	82.01876074434566
4.8050466121723066	95.73016433986515	5.188379077937581	107.53274443863862	-0.9827948953913056	65.09842432982681	81.56917591164654
4.820189579436323	95.24363937882691	5.198498283120402	107.97120638760079	-0.9837227501797267	64.26223599673993	81.1217487348708
4.835288744450182	94.75974651169653	5.208840402695646	108.40424201213044	-0.9846876955260941	63.47056050978216	80.67649199009097
4.85034657438746	94.27847266730824	5.21938111614438	108.83213360835315	-0.9856879073941812	62.71892993538916	80.2334158118594
4.865365318687072	93.79980473194121	5.230098676561671	109.25513521072769	-0.9867217422749407	62.00334191245695	79.79252797781949
4.880347053071547	93.32372956146143	5.240973642877453	109.67347552389622	-0.9877877228334008	61.32020766261033	79.35383416088655
4.895293706723096	92.85023399214985	5.251988641372563	110.08736053377208	-0.9888845216220751	60.66630768644774	78.9173381538535
4.910207076585132	92.37930485037293	5.263128152240483	110.49697584443288	-0.9900109437446764	60.03875377758	78.48304207038967
4.925088831790663	91.91092896123195	5.274378317687398	110.90248877924613	-0.9911659090590595	59.43495627059149	78.05094652571589
4.9399405105447425	91.4450931563024	5.285726768655855	111.30405027816347	-0.9923484343115039	58.85259564994471	77.62105079968165
4.954763511331562	90.9817842805621	5.297162467738951	111.70179661783597	-0.9935576154719195	58.28959780305746	77.19335298452543
4.969559080019484	90.52098919858891	5.308675566251503	112.0958509768276	-0.9947926104722367	57.74411231682445	76.76785011922297
4.984328294251646	90.06269480010131	5.320257273762615	112.48632486449635	-0.9960526225223449	57.21449330409841	76.34453831201692
4.9990720463973615	89.60688800490259	5.331899738685504	112.87331942891913	-0.9973368841764084	56.69928231394157	75.9234128524479
5.013791026268678	89.15355576728254	5.343595938775013	113.25692665644519	-0.9986446423360325	56.197192933719855	75.50446831397083
5.028485704751398	88.70268507992425	5.355339580607356	113.63723047300428	-0.9999751443961927	55.70709673765213	75.08769864803332
5.0431563194401425	88.25426297735623	5.367125007313692	114.01430775513646	-1.0013276257571873	55.228010279239626	74.67309727030866
5.057802863287174	87.80827653898515	5.378947114010543	114.3882292568304	-1.0027012989348518	54.75908286687776	74.26065713961684
5.072425077164039	87.36471289174332	5.3908012705155715	114.75906045665837	-1.0040953444972556	54.29958490462246	73.85037082993497
5.087022447088739	86.92355921237642	5.402683251056639	115.12686232839121	-1.0055089040362342	53.84889662433124	73.44223059578366
5.101594206688017	86.48480272940049	5.414589170773762	115.4916920372657	-1.0069410753453656	53.406497081128904	73.0362284311953
5.116139345249523	86.04843072474904	5.4265154288774236	115.85360356338154	-1.0083909099231663	52.97195333050174	72.63235612240692
5.130656621479738	85.61443053513649	5.438458658362364	116.21264825330935	-1.009857412853779	52.54490975096791	72.23060529439117
5.1451445828329145	85.1827895531566	5.450415682184796	116.5688753008999	-1.0113395450411045	52.125077519388356	71.830967451326
5.159601590026811	84.75349522814098	5.462383475794536	116.9223321584604	-1.012836227690929	51.7122242846946	71.43343401112298
5.174025846127545	84.32653506679712	5.474359135875849	117.27306487988452	-1.0143463488544477	51.30616411830189	71.03799633416337
5.1884154293813625	83.90189663364937	5.4863398550952995	117.62111839792752	-1.0158687717708803	50.90674784420784	70.64464574644518
5.202768328807425	83.4795675513052	5.498322902587268	117.96653673856478	-1.0174023446813654	50.51385386768141	70.2533735574036
5.217082481451202	83.05953550056991	5.510305609833333	118.30936317618894	-1.0189459117348156	50.12737962805648	69.86417107273572
5.231355810137725	82.64178822043183	5.522285361516087	118.64964033423466	-1.020498324571571	49.747233798542844	69.47702960262687
5.2455862605587935	82.22631350794327	5.534259590856455	118.9874102366027	-1.0220584541538285	49.37332934489701	69.09194046584405
5.259771836576222	81.8130992180174	5.546225778881401	119.32271431594452	-1.0236252024131545	49.00557753644343	68.70889499021267
5.273910632718129	81.40213326316545	5.5581814570193675	119.65559338540962	-1.025197513303855	48.64388297889306	68.32788451004156
5.288000862979779	80.99340361319302	5.570124212387415	119.98608758082993	-1.026774382884847	48.28813971049817	67.94890036108617
5.302040885204318	80.58689829487676	5.5820516951181665	120.31423628048903	-1.0283548680994563	47.93822837319293	67.57193387365645
5.316029220502063	80.1826053916384	5.593961627077059	120.64007800960056	-1.029938093979528	47.594014440324194	67.19697636446973
5.3299645673589	79.78051304323142	5.605851811340806	120.96365033639924	-1.0315232590644159	47.2553474540805	66.82401912782944
5.343845810275257	79.38060944545413	5.617720141844658	121.2849897663452	-1.0331096388939034	46.922061200126244	66.45305342667525
5.357672022958395	78.98288284990092	5.629564612657101	121.60413164038347	-1.034696587504123	46.59397472534383	66.0840704840035
5.371442466255483	78.58732156375757	5.641383326403598	121.921110042514	-1.0362835369245191	46.270894087713586	65.71706147509373
5.385156581157627	78.19391394964958	5.653174501432224	122.23595772114115	-1.0378699947395067	45.952614715531176	65.3520175209166
5.578630658145779	77.80265308711586	5.669412007965015	122.49946992394358	-1.0392865808604461	16.415152862779212	64.98490187310892
6.388000337155052	77.41361221009744	5.707120272294068	122.5242952073548	-1.0401287555245906	1.2933523606938742	64.6004431872103
7.839253659768796	77.02683581858226	5.745435636637966	122.5398835219841	-1.0409992253967189	1.2942361266228033	64.2174776413913
9.926082445243326	76.64231068015083	5.783518636126099	122.55548393404214	-1.041920987106041	1.2951920729111532	63.836749589211514
12.638693724354718	76.2600232414881	5.821370571798706	122.57109744733235	-1.0429170081777075	1.2962514303084232	63.458245648368866
15.964209934606622	75.87995988939848	5.858992717293245	122.58672543475367	-1.0440111553319604	1.297446115247312	63.08195240730207
19.886735831171713	75.50210695134732	5.8963863192628905	122.6023696330854	-1.0452259741628713	1.2988055152172626	62.707856425301344
24.38742898426484	75.12645071456896	5.933552600505218	122.61803208697935	-1.0465786024004613	1.3003507887177654	62.335944246904326
29.444575393776187	74.75297747408688	5.970492767206582	122.6337150150091	-1.0480751518254836	1.302087261173082	61.966202438630944
35.03367507662869	74.38167361529226	6.007208020952045	122.64942058424691	-1.0497048110706935	1.30399686620434	61.59861765255881
41.127544820344106	74.01252572724711	6.043699574624377	122.66515060734228	-1.0514354911425203	1.306033533475484	61.23317671407459
47.69644471246111	73.64552073309781	6.079968669666554	122.68090620526705	-1.0532123095461081	1.308123685032999	60.869866723812
54.708231043831404	73.28064601997052	6.116016591559533	122.69668749027812	-1.0549590428294058	1.3101715759087005	60.50867516073068
62.128534588627296	72.91788955012827	6.151844681065691	122.71249331663212	-1.0565831190966561	1.312067956748991	60.14958997212852
69.92096452948093	72.55723992363205	6.187454339012628	122.72832115715654	-1.0579877469089296	1.3137034965804826	59.792599625783325
77.88219365706259	72.5350176666073	6.22288968877785	122.36364346017706	160.979606460697	1.3145629456670151	59.74065583588247
85.44345889424575	73.72522255140157	6.258622550548352	120.62565046088403	354.0418008187443	1.3148168396973188	60.78072072148945
92.49299921381774	75.90949147600946	6.29527062206395	117.75429778940553	501.4736173053662	1.3154556664966912	62.71551428283386
98.97755335384949	78.83189256357166	6.333305166783059	114.03360456855006	609.4168985228212	1.316000714386751	65.3140426998096
104.8731636276508	82.2733063832619	6.3730674701161245	109.70742161563638	683.7857667158725	1.316999397223025	68.3785936154467
110.17478217755394	86.04945701073572	6.414788140092694	104.98144403684869	730.0113365760026	1.317869431165181	71.7429449285073
114.89490899699159	90.0075730041574	6.458606643375506	100.02676942817126	753.1027389980881	1.3173262057515733	75.26933906376753
119.0646776602265	94.02443036130245	6.504586720317576	94.98193976823457	757.7366186399672	1.3168205875840513	78.84670598286932
122.72102124945559	98.00317952928117	6.552731690708901	89.95635853411405	747.9670709631866	1.3162318439567924	82.38779084556067
125.90653975040382	101.86981144416524	6.602998368016566	85.03413101991075	727.3276578770937	1.3157172640718682	85.82595772626013
128.66572714229943	105.56997893499968	6.655308531478209	80.27752995718974	698.8134647068209	1.3152667673468401	89.11231567884825
131.0427675641233	109.06572862644043	6.709558904797342	75.73057869935123	664.913218672817	1.3151775616730432	92.21276551499385
133.07911141172474	112.33254401916899	6.7656292087085665	71.42230396254449	627.6263398440758	1.3153958513541673	95.10532865807252
134.81287223430942	115.35655618881931	6.82338859577457	67.3698169531136	588.5269000598676	1.3166514069074842	97.77762846220254
136.27532815530736	118.13188308860457	6.882701129896886	63.58125968101079	548.7420320371922	1.3178992348208995	100.22448825108806
137.4932970236575	120.65833076584782	6.943430156865407	60.058354509072174	509.09101857235885	1.3179425244824416	102.44585640448872
138.4924152635735	122.94007513906956	7.005440350671338	56.797871235466374	470.22419931788625	1.3171547861511521	104.44561692648494
139.29455809114916	124.98436247834684	7.068599584534283	53.79307496959066	432.58404153376017	1.316026315912502	106.2304170214528
139.9192906894421	126.80070536009465	7.132779680034789	51.034626462710065	396.4746939612273	1.315868361608771	107.80894205410804
140.38038423706016	128.3997398722515	7.19785763539819	48.5118599549754	361.99108831596243	1.3165227628964395	109.19088489806612
140.68850647381208	129.79215201314148	7.263716919281022	46.21398211305859	329.1333792736832	1.3174158244404246	110.3859775620365
140.8529547194033	130.98860394575516	7.330246756031579	44.13016322494898	297.85962820695823	1.3186467530416603	111.40392539614744
140.8808402446895	131.99918259682283	7.3973424241816925	42.250156999591255	268.0804329729101	1.3196625037203538	112.25391006544254
140.77660107863295	132.8332785615001	7.464905065695128	40.56443950285816	239.64649164010947	1.3192381203777634	112.9444806268514
140.5477175733092	133.49957477712982	7.532841047613972	39.0642289780893	212.5204696210204	1.3183803232137579	113.48354390046481
140.19958014514432	134.0064834730432	7.601060632159689	37.74100672170429	186.6105308814059	1.3179029462072023	113.87875931611136
139.73574154876417	134.36162329474945	7.669478435399018	36.5871028875436	161.79310587793609	1.3178728247646758	114.13706744085633
139.1586748008564	134.57188176828444	7.738012919586869	35.5956314863827	137.93431329653944	1.3184078779216306	114.26474671053845
138.46958223762374	134.6432247722153	7.806586310822552	34.760706588348334	114.8904126212182	1.3190118899659171	114.26724185711068
137.66984215398503	134.58086438628212	7.875124031319036	34.0772588989915	92.54498493210802	1.3197148304923798	114.14931563510197
136.45014684485585	134.37425287326852	7.943552648352776	33.55801512132574	61.845071395154385	1.3197775618213219	113.90153173415843
134.36022325128138	133.9279647480292	8.011770547662241	33.31192381044205	12.037683737791236	1.3200207106911184	113.4380127931235
131.38324550188574	133.2621320134795	8.07963526272297	33.31780293481519	-1.052236822902693	1.3207988191958244	112.77702409978076
127.21394595613323	132.59141673397025	8.147094952713916	33.33365461076022	-1.0529254489447926	1.321644635326484	112.11200160473555
121.91895520707487	131.9246156388167	8.214151561877364	33.34951714748583	-1.0536931631145154	1.322599609491863	111.45086853778331
115.60152329717987	131.26170533414202	8.280807375848278	33.36539183808814	-1.0545400079608716	1.3236662254574996	110.79360176422871
108.38483142275051	130.6026626264861	8.34706467475723	33.381279809740874	-1.055443774800287	1.3248125608099626	110.14017833489099
100.40960109387755	129.94746465036587	8.412925755473161	33.39718163488149	-1.0563627412794565	1.3259710447551796	109.49057558098454
91.83140524023901	129.29608894394696	8.478392948855658	33.41309705592741	-1.057250460543225	1.3270572230266822	108.84477116674903
82.81772314749267	128.64851340735007	8.543468619510108	33.42902503508296	-1.0580793991422182	1.328007029198148	108.20274305210818
73.5447469055975	128.0047161247598	8.608155141682667	33.444964220511785	-1.0588606531455798	1.328813311089357	107.56446935412367
64.19393761300631	127.36467512720431	8.672454860467495	33.460913641116406	-1.0596422150562868	1.3295332937261208	106.92992816823148
54.9483865611548	126.72836824556212	8.736370060541688	33.47687321655594	-1.0604818483272835	1.3302571125987148	106.29909746398249
45.989115453650285	126.0957731571638	8.799902961082733	33.49284376049453	-1.0614131141996224	1.3310583606534823	105.67195513160469
37.49147110525763	125.46686759001547	8.863055737555673	33.50882651016981	-1.0624290189074361	1.3319604427482814	105.04847914636031
29.621720845875704	124.84162954419006	8.925830553739763	33.524822523927526	-1.0634916124813798	1.332937499092761	104.42864773914454
22.533881478081298	124.22003740659397	8.988229584817022	33.54083229756126	-1.0645550763878528	1.3339395718093932	103.81243947907845
16.36678553897914	123.60206993409307	9.050255023687857	33.556855713908085	-1.0655848036082731	1.3349194006077274	103.19983325261744
11.241412022086323	122.9877061581347	9.111909074165908	33.5728922254825	-1.066564705780048	1.3358477308617671	102.59080818375578
7.300604467257206	122.37688051413296	9.124082358652535	34.129219073851516	-1.0670421611374679	305.2570604439889	102.0295478878203
4.693231187642356	121.76867066309663	8.869127822141728	37.62099610714145	-1.0676780730901518	697.3275907453911	101.71129985671621
3.3165071252436205	121.16182769688895	8.447743251867719	42.94195893197023	-1.068222326087423	856.5514145345733	101.54422022073993
3.1914722920292222	120.55583221844267	7.997708479505285	48.57711631860131	-1.068587717567153	802.385001814996	101.40371508012386
3.3448817661680637	119.9507938220784	7.600572279040794	53.629307911602346	-1.069396875146778	710.6284392502731	101.21641580453847
3.4804857952232866	119.34699550726035	7.255418787380592	58.10828841560897	-1.0701932781490435	630.5030225930255	100.98340245034221
3.6015332468756682	118.74468882288316	6.955653283867949	62.08631550759427	-1.0709591326886436	560.3685236181454	100.71084282794172
3.708280228265585	118.1440923896447	6.695499678674752	65.6266791342789	-1.0716189103110914	499.2191082909454	100.40413757745048
3.8040748589355773	117.54539398498403	6.469904517652587	68.78475510278926	-1.0721943297717778	445.65489543965435	100.06800852912752
3.889267293448066	116.94875595710784	6.274507634586851	71.60832178801246	-1.0726041289589772	398.8904131650308	99.70653002028928
3.9657598184546465	116.35431752744424	6.1054688680882405	74.13946364501705	-1.0729105867484565	357.9690727003443	99.323287080501
4.035132200383263	115.76219827824252	5.959460367172883	76.4146519066839	-1.0735274835716426	322.07296265765	98.92138550546825
4.097278736111619	115.17249890210842	5.833599668036963	78.46547989221057	-1.0738874848490068	290.7386359711788	98.5035128234879
4.152767809698978	114.58530968556045	5.725243615510677	80.32092028469893	-1.0737713663912931	263.43096093893786	98.07213159463953
4.202362609924517	114.00070550606395	5.632115704859502	82.00593002469289	-1.0734549686290453	239.64345694399884	97.62936018126537
4.246703643490171	113.41874963287519	5.55219133368998	83.54270824426091	-1.0729054698118157	218.93177273003917	97.17707954881563
4.288015869574247	112.8394932189275	5.483797727167141	84.94959766377303	-1.0726838113811872	200.64710079970715	96.71684278536982
4.327198273563325	112.26297709580349	5.425590000174502	86.2413458798222	-1.0728080960567545	184.41566668978885	96.24989828435056
4.363779494741445	111.68923674967263	5.3763595233315105	87.43120771622297	-1.0728662187140994	170.1141135802766	95.77736687057771
4.3975633414742115	111.11830296849692	5.33497405543887	88.53160303577057	-1.072753829941347	157.58617215284013	95.30029631807042
4.4288925823802785	110.55020026981065	5.300421673382371	89.55363528790755	-1.0726560302943497	146.60612601671687	94.8196203571427
4.458148740519377	109.98494690461047	5.271826711174486	90.50691617487048	-1.0727300287337955	136.9645332296416	94.33614431841092
4.485522660747718	109.4225561981086	5.248425776891882	91.39982795032627	-1.0729845233714514	128.5023335358274	93.8505679470422
4.511091749791184	108.86303786248266	5.229541035106421	92.23981582922364	-1.0733327523126006	121.09356749749017	93.36351065529402
4.534945953711645	108.30639873138693	5.214567562913067	93.0335262414887	-1.073677897469437	114.62235040019404	92.8755235752018
4.557239595107631	107.75264305175104	5.202970690066839	93.78683576078576	-1.0739594412932782	108.97382519396356	92.38709221773364
4.57817820466149	107.20177262300113	5.194285065197046	94.50486121884089	-1.0741588381225347	104.03619732604544	91.89863743946326
4.597983795503534	106.6537869580114	5.188111183337525	95.19199772073401	-1.074286210968651	99.70592384263632	91.41051871592254
4.616866410040364	106.10868350666281	5.184109098281603	95.85198755637303	-1.074365105611072	95.89138985018779	90.92304000755077
4.63500921054745	105.566457917369	5.181990675893637	96.48800511854269	-1.074421990389203	92.51409182808693	90.43645697430225
4.652564165019816	105.0271043016382	5.181511723860255	97.10274317668569	-1.0744808036758609	89.50804059940369	89.95098430430458
4.66965357610459	104.49061547829567	5.18246478926101	97.69849182765446	-1.0745608713038532	86.81830531455077	89.46680242255387
4.686374033412287	103.95698318704825	5.184672938934439	98.27720667035632	-1.0746766237254293	84.39931897312901	88.98406328658915
4.702800925752934	103.42619826956175	5.1879845584501965	98.84056581244273	-1.0748381153844515	82.21326095831981	88.50289523523577
4.718992666836828	102.89825082044466	5.192269077516665	99.3900167202139	-1.0750518127303204	80.22864179105876	88.02340697561095
4.734994326379923	102.37313031213213	5.197413486695011	99.92681439364524	-1.0753213966121244	78.41911871640535	87.54569083372728
4.750840611488405	101.85082569791854	5.203319507797377	100.45205237558058	-1.0756484730672398	76.76252830609222	87.06982539650568
4.766558249575727	101.33132549704924	5.209901294369018	100.96668795027482	-1.0760331597100543	75.24010693247212	86.59587766007242
4.782167860538853	100.81461786523755	5.217083557684732	101.47156267774919	-1.0764745486235128	73.83586708803153	86.12390478157926
4.797685410817454	100.30069065339444	5.224800032628745	101.96741920274775	-1.0769710604355134	72.5360998732297	85.65395551420347
4.813123333715191	99.7895314568365	5.232992214659459	102.45491509252037	-1.0775207083372165	71.32897815500732	85.18607138934881
4.828491387671399	99.28112765678671	5.241608313210149	102.93463430251906	-1.078121290399213	70.20423936835194	84.72028769691595
4.843797311016612	98.77546645561262	5.2506023783964695	103.40709674279624	-1.0787705263069745	69.15293104120958	84.25663430379846
4.859047319814762	98.27253490694868	5.259933567095123	103.87276631710131	-1.0794661518713489	68.16720563912435	83.79513634221053
4.8742464852654654	97.7723199416121	5.269565521703621	104.33205772723818	-1.0802059819805334	67.24015421769707	83.33581479271047
4.889399018865973	97.27480839003555	5.279465840555245	104.78534227315181	-1.0809879502973343	66.36567069045239	82.87868698151391
4.904508486941389	96.77998700179295	5.28960562336908	105.23295283091376	-1.081810132041371	65.53834034963634	82.42376700758919
4.919577970992832	96.2878424626816	5.299959078534322	105.67518815329193	-1.0826707546183767	64.75334770493546	81.97106611184451
4.9346101863287	95.79836140973262	5.310503181681104	106.11231660850966	-1.0835681996217326	64.006399809593	81.52059299824474
4.949607568400935	95.31153044445337	5.3212173770514255	106.54457945020167	-1.0845009987791718	63.29366209284913	81.07235411477666
4.964572333968243	94.82733614454888	5.332083314791705	106.97219369395067	-1.085467825696752	62.611704367930656	80.62635390068226
4.979506522489783	94.34576507432682	5.343084618549577	107.39535466196502	-1.0864674847161124	61.957455180681315	80.18259500520485
4.994412021886123	93.86680379395479	5.354206678754747	107.81423824652855	-1.0874988978109477	61.32816304070058	79.74107848216232
5.009290581886428	93.3904388677127	5.365436467760577	108.22900293411796	-1.0885610901731342	60.72136336228653	79.30180396392096
5.02414381753053	92.91665687135703	5.376762373668561	108.63979162501202	-1.0896531749528373	60.134850158189735	78.8647698177375
5.038973204946525	92.44544439869979	5.388174050188552	109.04673327739481	-1.0907743374996752	59.56665169215465	78.42997328694719
5.053780071226962	91.97678806748654	5.399662280331865	109.44994440008935	-1.091923819386844	59.01500941978832	77.9974106190584
5.068565580036159	91.51067452464606	5.411218852112573	109.8495304139113	-1.0931009024727947	58.478359642037645	77.56707718246274
5.083330714462283	91.0470904509738	5.422836444759332	110.24558689804664	-1.094304893253395	57.95531736988227	77.1389675731663
5.098076258550309	90.58602256530241	5.4345085242262074	110.63820073471966	-1.0955351077708209	57.44466195947559	76.71307571268139
5.112802778890774	90.12745762820451	5.446229247043144	111.027451162654	-1.0967908573643677	56.945324129201595	76.28939493798333
5.127510607573432	89.67138244526598	5.457993371768266	111.4134107473982	-1.0980714355648753	56.4563740180379	75.8679180842323
5.1421998277282945	89.21778386996452	5.46979617749725	111.79614627447	-1.0993761064418859	55.977009991206586	75.44863756078145
5.1568702627576295	88.76664880618108	5.481633389049502	112.17571956947054	-1.1007040947059503	55.50654794632102	75.03154542083938
5.171521470204455	88.31796421037086	5.493501108586118	112.55218824783331	-1.10205457784435	55.04441092205836	74.6166334250314
5.186152741004822	87.87171709341582	5.505395753519692	112.9256063957232	-1.1034266805255986	54.590118861864376	74.20389309900563
5.200763104636044	87.42789452218047	5.517314000650013	113.29602518278561	-1.1048194714470336	54.14327843662002	73.79331578516269
5.215351340409576	86.9864836207898	5.529252736502573	113.66349340697892	-1.106231962723155	53.703572881130206	73.38489268854715
5.229915994877223	86.54747157164991	5.5412090138592305	114.02805797158375	-1.1076631118242182	53.2707518478873	72.97861491692865
5.244455405037896	86.11084561622965	5.553180014454696	114.3897642946585	-1.1091118259803516	52.844621325730124	72.57447351511269
5.25896772676455	85.67659305562353	5.565163017771788	114.74865665165545	-1.1105769688721017	52.42503370866673	72.17245949356023
5.273450967633154	85.24470125091635	5.577155375807311	115.10477845258379	-1.1120573693399116	52.011878129462225	71.77256385144969
5.2879030231406325	84.81515762337109	5.589154493604529	115.45817245594054	-1.113551831768146	51.605071192296116	71.3747775943844
5.302321715157402	84.38794965446158	5.6011578152633685	115.80888092256106	-1.1150591477383807	51.20454824814096	70.9790917470255
5.316704831378376	83.96306488577349	5.613162815052306	116.15694571350029	-1.1165781085049271	50.81025535552913	70.58549736101018
5.331050164516475	83.54049091879618	5.6251669931623	116.50240833697471	-1.1181075178245654	50.42214205873572	70.19398551858917
5.345355550022219	83.12021541462899	5.637167875568615	116.84530995021417	-1.1196462046722873	50.04015509639687	69.80454733248692
5.359618901206082	82.70222609362413	5.649163017405616	117.18569132274264	-1.1211930353943225	49.664233127975145	69.4171739425393
5.373838240777998	82.2865107349887	5.661150009215882	117.52359276808777	-1.1227469248865267	49.294302535302116	69.03185650970532
5.388011727989978	81.87305717636586	5.673126485410398	117.8590540511919	-1.1243068464374173	48.930274323818246	68.64858620806807
5.402137680761517	81.46185331341434	5.685090134272108	118.19211427884831	-1.1258718399374061	48.572042115196204	68.26735421544353
5.4162145923715865	81.0528870994029	5.697038708850155	118.52281178032273	-1.1274410182256338	48.21948119161512	67.88815170320076
5.430241142504856	80.64614654483422	5.708970038125368	118.85118398495798	-1.1290135714199256	47.8724485236359	67.51096982586392
5.444216202633709	80.24161971711027	5.720882037876796	119.17726730302033	-1.1305887691506833	47.530783689610146	67.13579971102122
5.458138835894287	79.83929474024829	5.732772720741269	119.50109701536518	-1.1321659606931895	47.194310575570036	66.76263245000641
5.472008291768652	79.43915979465345	5.744640205030024	119.82270717671105	-1.1337445730624676	46.86283973100435	66.39145908975092
