14.606780091371746	96.68531418182815	9.394988396063622	141.06780091371746	-0.0	-0.0	74.45942924987953
15.007188466576782	96.3893503164864	8.963717596721208	141.06780091371746	-0.0	-0.0	74.1916606236082
16.206449781186432	96.09444854384859	9.002041661425126	141.06780091371746	-0.0	-0.0	73.92618148984758
18.19868223373631	95.80060016458431	9.10892320495681	141.06780091371746	-0.0	-0.0	73.66139259953015
20.97411487971637	95.50780684111511	9.214245441731462	141.06780091371746	-0.0	-0.0	73.3971219409748
24.519135553368752	95.21606178747244	9.318034491280976	141.06780091371746	-0.0	-0.0	73.13311693380113
28.81635762882812	94.92536730444274	9.420316154798947	141.06780091371746	-0.0	-0.0	72.86930665908088
33.8447052931843	94.63571675593651	9.521115782871705	141.06780091371746	-0.0	-0.0	72.60634093062234
39.579516913233526	94.3471171595725	9.620458288364922	141.06780091371746	-0.0	-0.0	72.36554732814227
45.99266598895744	94.05955280071265	9.718368132104251	141.06780091371746	-0.0	-0.0	72.0996385836882
53.05269910051442	93.77301574821752	9.8148693615514	141.06780091371746	-0.0	-0.0	71.81786876723106
60.72499017217901	93.48753117705907	9.90998561339819	141.06780091371746	-0.0	-0.0	71.56609512104981
68.97191029662658	93.20307106960965	10.003740090997091	141.06780091371746	-0.0	-0.0	71.30585212547473
77.75301228668127	92.91964775995436	10.096155604553898	141.06780091371746	-0.0	-0.0	71.04721906573002
87.02522904935803	92.63724804621285	10.187254563501549	141.06780091371746	-0.0	-0.0	70.78923956797598
96.46883251033468	96.18973913278916	10.277058986961524	140.67804005223525	184.90251147382068	-0.0	70.54792252236892
104.41537992762322	100.7824129949528	10.365590890914982	137.92695196494836	667.112021516722	-0.0	71.22834466237862
109.65787728130522	101.20278969980642	10.452876067508894	132.1014649022494	1017.7171653920373	-0.0	73.93204860516708
113.077501676353	103.6899961879013	10.538947678558925	125.00012979754355	1072.3662724719259	-0.0	77.59458429142519
115.65512417565293	107.14160113757117	10.623842555179372	117.97622196943976	1021.2279726706547	-0.0	81.26829890503329
117.7216429989595	110.40937765135561	10.707597191743803	111.38703234611582	946.4420241522856	-0.0	84.70629276030623
119.43835786865063	113.38220817899908	10.790246474978709	105.33598680472338	861.3235959744251	-0.0	87.84040701728598
120.93791511922657	116.04463645071363	10.87182337571921	99.86658239951878	774.2264764865873	-0.0	90.64035706280706
122.31083490933152	118.42163264467011	10.95235884931273	94.97200972788563	690.2371168091602	-0.0	93.1038001912209
123.60684309058112	120.50909642007308	11.031881860019743	90.61224323140947	616.0145835426589	-0.0	95.25154809713021
124.83065191787368	122.35209980008672	11.110419502303271	86.72180040442248	551.0196316184231	-0.0	97.1184783920779
125.96691696120031	123.97378326110795	11.187997181638606	83.23303821730148	494.12435505782736	-0.0	98.74423117448576
127.00191599614709	125.36302043810132	11.26463881240763	80.0902682739423	448.0677469541938	-0.0	100.16458357889034
127.92173711049047	126.58194933165676	11.34036699703271	77.24637521462208	405.1222073734412	-0.0	101.40690981530052
128.7314504680158	127.6366183926991	11.415203167792987	74.67165633735674	366.21978268014726	-0.0	102.49064559456156
129.44075656209154	128.53647407717804	11.489167692510254	72.34297625576278	332.8281905156219	-0.0	103.43027628807413
130.05272498091892	129.3221885823632	11.562279957003854	70.23702626452739	299.1499771403579	-0.0	104.23831462339997
130.57453934788433	129.98470465967046	11.634558436929012	68.33572302309523	268.80243545436684	-0.0	104.92649726451704
131.01073236762056	130.5246961678512	11.706020764380044	66.62223374498903	244.00703775044366	-0.0	105.50545251858355
131.3606165746123	130.97843915839664	11.7766837884907	65.07965428360274	216.37174835550428	-0.0	105.98418973513537
131.63359419737841	131.3277006830517	11.846563628206978	63.69789080137312	193.5767431925229	-0.0	106.37018904127841
131.8351404798103	131.57485374239374	11.915675717662097	62.46667207680049	178.56406506777157	-0.0	106.66990330152522
131.96105984997047	131.76983717345618	11.984034846262258	61.373116866333724	153.05155299114105	-0.0	106.88908134954349
132.02007841603256	131.87103076692014	12.051655194898403	60.411498540765095	135.12341401944838	-0.0	107.03314617040344
132.01570327012405	131.8926750422701	12.118550370221397	59.57503971401118	122.76382982014263	-0.0	107.10651812717799
131.94597094022077	131.8657182292314	12.18473343269349	58.855889326162725	99.1511830297531	-0.0	107.11204538880226
131.6134549496459	132.70424681555082	12.250216922230678	58.16780551126259	-0.0	-0.0	107.05684835228868
131.55668599515684	131.41248771616304	12.315012908055301	57.72532129276662	132.90706970187955	-0.0	106.96045405973581
131.3968637731475	131.39147614396143	12.37913301803509	57.36951965525019	25.690164952611696	-0.0	106.76056160854759
131.15108079754708	131.1217923304093	12.442588285825973	57.10475346228093	59.898557782115454	-0.0	106.50416934551005
130.7028209074004	130.71612731412398	12.505389298543207	56.886627155403296	-0.0	-0.0	106.2277688764883
129.72467359218382	129.9191629757164	12.56754634628669	56.81192528986157	-0.0	-0.0	105.90224786744749
127.73079196802104	130.39154254767666	12.629069299038298	56.81192528986157	-0.0	-0.0	105.46450860899108
124.57350933292359	129.20483495155662	12.689967495729812	56.81192528986157	-0.0	-0.0	105.08460570953851
120.3146895677373	129.4436094936947	12.750250204189522	56.81192528986157	-0.0	-0.0	104.65940370931048
115.0377801014512	128.4688818312595	12.809926455144195	56.81192528986157	-0.0	-0.0	104.27358009115011
108.84617684003449	128.5279072096823	12.86900519139859	56.81192528986157	-0.0	-0.0	103.85861449244713
101.86119822426942	127.71582695719543	12.927495153397585	56.81192528986157	-0.0	-0.0	103.46953774570761
94.21970811296704	127.63975838848394	12.985404974811622	56.81192528986157	-0.0	-0.0	103.06251249340676
86.07143406883046	126.95022644919244	13.042743112085175	56.81192528986157	-0.0	-0.0	102.67211534071622
77.57603359257317	126.77480185759492	13.099517903679052	56.81192528986157	-0.0	-0.0	102.27136703082115
68.89996578954887	126.17602429889166	13.155737529162463	56.81192528986157	-0.0	-0.0	101.88103171994844
60.2132297655742	125.9292021247942	13.211410044299681	56.81192528986157	-0.0	-0.0	101.48537517276947
51.68603365986938	125.39668436914475	13.266543359461515	56.81192528986157	-0.0	-0.0	101.09606842558195
43.485459582209856	125.09977537941396	13.32114525910099	56.81192528986157	-0.0	-0.0	100.70467482356634
35.77218980157109	124.61498754642078	13.375223392390723	56.81192528986157	-0.0	-0.0	100.3170591627877
28.697358333427104	124.28393130269463	13.310886602504455	56.81192528986157	-0.0	-0.0	99.92939626417171
22.399589615794476	123.83313166412353	12.914210603776736	56.81192528986157	-0.0	-0.0	99.54486863965035
17.002282298259107	123.4796027792222	12.393861978751987	56.81192528986157	-0.0	-0.0	99.16337425626642
12.890458864775738	123.05282750142955	11.806007666550173	58.05808396140264	-0.0	524.2667712491102	98.78557772624181
10.247598732142789	122.68518950794717	11.185258962021342	62.64140711361277	-0.0	807.4075861554727	98.41209849393576
8.56695986679778	122.27526118833056	10.566664668503806	68.5384895795689	-0.0	937.4703604771447	98.04214405839794
8.057025380160553	121.89939725773293	9.994137643196924	74.94733986126134	-0.0	960.3402093345837	97.6768011291719
8.616592941973353	121.50131428450557	9.523589298603826	81.16592941973353	-0.0	895.1833863526524	97.31443641537551
9.19224783883885	121.12126352245123	9.175637658554756	86.9224783883885	-0.0	826.1244653336007	96.95604196081902
9.721879087248826	120.73157613945295	8.943131821180405	92.21879087248826	-0.0	757.5432775761052	96.59961334362829
10.205781220586086	120.3500675651103	8.815209474576733	97.05781220586086	-0.0	689.4019729604828	96.24615961958045
10.644269385888967	119.9664797185084	8.774052198783494	101.44269385888965	-0.0	621.7703515477175	95.89382664541706
11.03771766592967	119.58532345223392	8.790163470685242	105.3771766592967	-0.0	554.7528542076312	95.54364629922168
11.386581708432082	119.20632649654857	8.829650180124938	108.86581708432081	-0.0	488.4907858409707	95.19414171664975
11.691428341418622	118.82665842141198	8.874269793717815	111.9142834141862	-0.0	423.1791115650029	94.8464161145375
11.95298024357714	118.45130896383765	8.919485499527664	114.5298024357714	-0.0	359.0952080755209	94.49936630163161
12.172186441234906	118.07385173830934	8.964555509531674	116.72186441234905	-0.0	296.6490938398749	94.15397181702339
12.350338695865085	117.70156961880818	9.009373501912718	118.50338695865085	-0.0	236.4759749677779	93.80933712977131
12.48927387762161	117.32671301443682	9.053926121080861	119.89273877621609	-0.0	179.61025229488848	93.46626030768134
12.591740032758535	116.9571777449989	9.098213187195274	120.91740032758534	-0.0	127.81457291506885	93.12402317054874
12.662049844462553	116.58513147602696	9.142236349624959	121.62049844462553	-0.0	84.09820528554962	92.78325680650681
12.706988172465842	116.21815497543454	9.185997496619496	122.0698817246584	-0.0	52.696095948782464	92.44339786636912
12.735727590906295	115.8490132260902	9.229498534585902	122.35727590906295	-0.0	35.55217080472006	92.10493591204505
12.756637079656416	115.48451639949482	9.272741358967242	122.56637079656416	-0.0	28.09827818125398	91.76743526835736
12.772065398423566	115.11828386531403	9.315727849816634	122.72065398423565	-0.0	39.43607019886904	91.4312717341994
12.791202210588644	114.75622947109342	9.358459872027634	122.91202210588644	-0.0	19.76626629446841	91.09611040847523
12.803423391228174	114.3929201399412	9.400939274323779	123.03423391228174	-0.0	38.11976379586471	90.76223705546455
12.816698261105385	114.03327203061767	9.443167889995614	123.16698261105384	-0.0	47.68095130235593	90.42939824372725
12.833904758174452	113.67284342954045	9.485147537070967	123.33904758174451	-0.0	38.91220112227074	90.09780656135264
12.851328217878303	113.31562856514908	9.526880018921588	123.51328217878302	-0.0	24.84053572783046	89.76727290387183
12.865788152189431	112.9580281623843	9.568367123751322	123.6578815218943	-0.0	29.969123859572054	89.43795394638664
12.877906245525349	112.6032474279452	9.609610624614495	123.77906245525348	-0.0	46.70957412296872	89.10970937288666
12.894658600764057	112.24843417297845	9.650612279196068	123.94658600764056	-0.0	39.55514147573357	88.78265303093639
12.912248176966374	111.89610697060834	9.691373831758163	124.12248176966374	-0.0	21.82097116250965	88.45668205689967
12.924897448178847	111.54402599939213	9.731897012000218	124.24897448178847	-0.0	37.113683360779916	88.13187800070976
12.938420890079156	111.19415869599788	9.77218353399065	124.38420890079155	-0.0	44.76351881247121	87.80816570215076
12.95684077447516	110.84476819522682	9.812235098155687	124.56840774475158	-0.0	21.913752106639787	87.4856027794781
12.969603225457503	110.49737162866532	9.852053392204299	124.69603225457502	-0.0	34.85404378503444	87.16413476583074
12.982840168547131	110.15063067251381	9.89164008751106	124.8284016854713	-0.0	43.0757079420256	86.84380158890033
13.000955243344267	109.80570587525801	9.930996842557867	125.00955243344266	-0.0	18.154601670439558	86.52456390763173
13.0121066543764	109.46157637380256	9.970125303703034	125.12106654376399	-0.0	40.536462645020485	86.2064486706157
13.027748381446601	109.11912285800655	10.009027100198969	125.27748381446601	-0.0	34.315980427513786	85.88942761531348
13.043593030729564	108.77757287062722	10.04770385101319	125.43593030729564	-0.0	21.108110476297213	85.57351826444491
13.053935268966185	108.43758800962864	10.086157160863575	125.53935268966185	-0.0	45.56225628889503	85.25870038994202
13.072255362612427	108.09858742967242	10.124388618861706	125.72255362612427	-0.0	17.598437371403712	84.9449847519469
13.083402647285839	107.76106377601309	10.16239980567797	125.83402647285838	-0.0	37.9078743578931	84.6323568632914
13.098593282081707	107.42458552807604	10.200192283600279	125.98593282081706	-0.0	31.31861319056109	84.32082259682342
13.113304821700675	107.08951443578174	10.237767606260913	126.13304821700675	-0.0	23.112176375361038	84.01037158815465
13.124339369373928	106.7555330681095	10.275127312625495	126.24339369373926	-0.0	41.59871788477034	83.7010062771602
13.14171992540236	106.42290427873895	10.31227292780948	126.41719925402359	-0.0	11.591684165834284	83.39271916103866
13.151002401101493	106.09139677966398	10.349205968333953	126.51002401101493	-0.0	43.99299037297222	83.08551031143585
13.168639131003513	105.76119839825313	10.385927932078383	126.68639131003512	-0.0	14.823403621607465	82.7793742076058
13.179070761676721	105.43214321875975	10.422440311931402	126.79070761676721	-0.0	37.575982743992384	82.47430929457747
13.194535239725994	105.10436218007095	10.45874458115088	126.94535239725992	-0.0	24.237963662637465	82.17031140171916
13.207056157980858	104.77773854923802	10.494842207278625	127.07056157980857	-0.0	28.566075892605735	81.86737789033128
13.21990405881681	104.45236115036349	10.53073464105564	127.1990405881681	-0.0	32.11961032847681	81.56550546654846
13.234398090729364	104.12814930167193	10.56642332397434	127.34398090729363	-0.0	19.21803990325081	81.26469081068335
13.245100175446064	103.8051610771971	10.601909685271474	127.45100175446063	-0.0	37.51808167250272	80.96493117225027
13.261014038554764	103.48334206187094	10.637195140659301	127.61014038554764	-0.0	9.938999106222605	80.6662228260103
13.270309883848256	103.16272803649042	10.672281098143126	127.70309883848256	-0.0	40.51405487060669	80.36856333770777
13.28697750082576	102.84328354736525	10.70716894843158	127.86977500825759	-0.0	-0.0	80.07194876471885
13.29557874086595	102.52502840593536	10.741860078216758	127.9557874086595	-0.0	41.44678385676491	79.77637683460898
13.312402585366659	102.20794063978009	10.776355854179593	128.12402585366658	-0.0	-0.0	79.48184351489374
13.320854105093165	101.8920288330603	10.810657641510153	128.20854105093164	-0.0	40.773859329615675	79.18834659146594
13.337396619797136	101.57728038854157	10.844766783838951	128.37396619797136	-0.0	-0.0	78.89588202640722
13.346031754710044	101.26369620611071	10.878684624718007	128.46031754710043	-0.0	39.014273489263815	78.60444759684682
13.36204292373777	100.9512700108237	10.912412485585284	128.6204292373777	-0.0	-0.0	78.31403931284045
13.370955344763928	100.63999763778114	10.945951688366858	128.70955344763928	-0.0	36.966051769147306	78.02465490192861
13.386398232871521	100.3298768940888	10.979303532966	128.8639823287152	-0.0	4.919873857691975	77.73629045319953
13.39551619218819	100.02090045479761	11.012469319896589	128.95516192188188	-0.0	35.264897337610996	77.44894362256913
13.410497269019055	99.71306860067749	11.045450327973667	129.10497269019055	-0.0	6.257361387265714	77.16261059354338
13.41970039034531	99.4063721973454	11.078247836684328	129.1970039034531	-0.0	34.05083305043295	76.8772889412337
13.434358417697537	99.100812872627	11.110863104062496	129.34358417697536	-0.0	5.5781553120874525	76.59297494860263
13.443509105612339	98.79638061727158	11.143297389045241	129.43509105612338	-0.0	33.382716198022564	76.30966610902195
13.457987862944544	98.49307763561768	11.175551929111537	129.57987862944543	-0.0	-0.0	76.02735880340886
13.466951222401025	98.19089367391726	11.207627963171623	129.66951222401025	-0.0	33.257839304186874	75.74605044756422
13.481382721877242	97.88983100194648	11.2395267083352	129.81382721877242	-0.0	-0.0	75.46573751491964
13.503160561719799	97.58987953096211	11.337882160335097	130.03160561719798	-0.0	91.86537856487446	75.18640260647722
13.612079183780622	97.29104171995492	11.893136173845761	131.12079183780622	-0.0	221.99392844468235	74.90727738431148
13.786117666127797	96.99331373055297	12.780710738069919	132.86117666127797	-0.0	288.2866323399745	74.62665742551754
13.98647739518372	96.6967103957073	13.691667275608626	134.86477395183718	-0.0	302.6821361975651	74.34348852959731
14.18214838407691	96.40123647031913	14.323401198039427	136.8214838407691	-0.0	277.8430859758157	74.05807466078822
14.351295839027078	96.10690460655697	14.493465348789606	138.51295839027077	-0.0	219.47812948847707	73.77178293959548
14.463530896812433	95.81370972125929	14.191817096562287	139.63530896812432	-0.0	145.311017715446	73.48651284575622
14.509368528771617	95.52164885500237	13.57062452697242	140.09368528771617	-0.0	-0.0	73.20403845313405
14.509368528771617	95.23070406494163	12.916109197151917	140.09368528771617	-0.0	-0.0	72.92528539958208
14.509368528771617	94.94086363872508	11.992261195758461	140.09368528771617	-0.0	-0.0	72.65061025594673
14.509368528771617	94.65210694485323	10.908134085697759	140.09368528771617	-0.0	-0.0	72.38100514674915
14.509368528771617	94.36441459298426	9.912019379608553	140.09368528771617	-0.0	-0.0	72.11680812224184
14.608784470659419	94.07776350656437	9.239943090887586	140.09368528771617	-0.0	-0.0	71.85728893558043
15.403380549726966	93.79213907829717	9.067479662913668	140.09368528771617	-0.0	-0.0	71.60111017349385
16.98867559526119	93.50753002294212	9.175922239947234	140.09368528771617	-0.0	-0.0	71.34618129082659
19.356894495525626	93.22393618525932	9.282764925593058	140.09368528771617	-0.0	-0.0	71.09182995814517
22.496422272846566	92.94135299406423	9.388037731687884	140.09368528771617	-0.0	-0.0	70.8380946417118
26.391861049499465	92.6597806761124	9.491767146333174	140.09368528771617	-0.0	-0.0	70.5851599892148
31.024105566922735	92.37921556148166	9.593979194778312	140.09368528771617	-0.0	-0.0	70.33410477506582
36.37043688783468	92.09965484809622	9.69469944670172	140.09368528771617	-0.0	-0.0	70.08334417604836
42.40463382173346	91.82110300737253	9.79395302737069	140.09368528771617	-0.0	-0.0	69.84131188619199
49.09710152724989	91.54354156384875	9.891764615112399	140.09368528771617	-0.0	-0.0	69.58447061040636
56.415016660653585	91.26698420643174	9.988158466735733	140.09368528771617	-0.0	-0.0	69.3286745716742
64.32248835860673	90.99141890119819	10.083158412166474	140.09368528771617	-0.0	-0.0	69.07685009533131
72.78073426562834	90.71685271900553	10.176787864030986	140.09368528771617	-0.0	-0.0	68.82753802123338
81.7482707429517	90.44327391085781	10.269069825969419	140.09368528771617	-0.0	-0.0	68.5788465833857
91.13475840253858	91.0270829129634	10.360026900411857	140.02423989870942	114.84880266228421	-0.0	68.33080326610441
99.67797830978375	97.73626117175665	10.449681386309997	138.26373053126147	487.7092878019855	-0.0	68.49691840147874
105.77045912942992	98.66383304117313	10.53805755584171	133.37283721022519	933.0389572849874	-0.0	70.55843043384075
109.66106811154957	100.32760906223868	10.62518657504242	126.5195859197713	1069.2748634194036	-0.0	74.03844589307637
112.4805922577991	103.6768141869797	10.71110496599317	119.4306564934091	1038.4906420740522	-0.0	77.7479932578585
114.71742044678491	107.02998201204986	10.795849916761018	112.70210404944994	970.4180584959477	-0.0	81.27188056573117
116.55235739410557	110.1002406689733	10.879457260488055	106.47916084732128	889.0356004281848	-0.0	84.51284170931629
118.12433353219683	112.87702202465825	10.961960993093877	100.8228179720535	801.7453833190913	-0.0	87.42930455645609
119.54201666956948	115.34921715229206	11.04339311990124	95.74621694342977	716.6714315964354	-0.0	90.00934925140761
120.86724796280106	117.54479842502448	11.1237836368459	91.21848680507723	637.9655698998424	-0.0	92.26566083862109
122.1226983202803	119.47077017381305	11.203160618824642	87.18388950289442	569.9659620909295	-0.0	94.22880478543779
123.29702442179652	121.1713413885605	11.281550382022386	83.57300141965223	510.2902816744719	-0.0	95.93746411168254
124.37658505601193	122.63013619467662	11.358977679125465	80.32635691171109	462.5364693876316	-0.0	97.4294748352684
125.34307897071307	123.91111296166504	11.43546588788629	77.39121392576912	418.82673757579414	-0.0	98.73538441046695
126.19526438638346	125.03771481643275	11.511037167186922	74.73243841153322	376.56317175071854	-0.0	99.87726002338512
126.94490152655507	125.9986090217717	11.585712574704898	72.32686203463298	340.4714846150307	-0.0	100.87095620574016
127.60034890449478	126.80984864171246	11.659512155993045	70.15271833987426	311.1852859484744	-0.0	101.72939666417938
128.15965326562298	127.52878628846379	11.7324550189047	68.18612502828927	277.99497244015106	-0.0	102.46451826313121
128.63237381940235	128.12417162000904	11.804559401772199	66.4120066134901	249.50905680091142	-0.0	103.08740823553336
129.02152302533474	128.60847095567522	11.875842736374626	64.81434602734994	224.94194480641494	-0.0	103.60768411862865
129.33298292451894	128.98373876486008	11.946321703653437	63.380640874356686	206.83909098188164	-0.0	104.03332649432188
129.5661996703222	129.2880056780813	12.016012281587534	62.09732778847082	184.6043446116819	-0.0	104.3710887144462
129.72543332210086	129.5241933729887	12.084929786943068	60.954777735462656	157.00921554558545	-0.0	104.62697707877459
129.82032431851894	129.65846596279167	12.153088912872088	59.947097010390934	140.81068346042238	-0.0	104.80642728088263
129.84366408223966	129.7116161006585	12.220503763833609	59.06246769480868	127.18442413948694	-0.0	104.91547080661802
129.80496401976626	129.72683673714263	12.287187890756107	58.29747079648407	97.8294031536235	-0.0	104.9564515044573
129.70805101282212	129.6427220029495	12.353154311701571	57.64730568641878	89.45839093900085	-0.0	104.93226176758176
129.5686038232373	129.4282918429798	12.418415535171084	57.112988153900794	131.10384274133497	-0.0	104.84753482511547
129.39763517663238	129.27536332977812	12.482983581982067	56.69448134017283	122.38587026142751	-0.0	104.69363035791744
129.11692971882422	129.1299672423667	12.546869973560602	56.356913775760454	-0.0	-0.0	104.48620295727889
128.74938326188988	128.73622402541974	12.61008579601023	56.10712682989209	40.14980034310242	-0.0	104.24004854758103
128.18231009586165	128.12786763250136	12.672641762446313	55.974297246571965	81.66518084003343	-0.0	103.94226857201598
126.72378064233709	127.98217081958744	12.734548168768685	55.93984591650866	-0.0	-0.0	103.56941459879747
124.18532481487888	127.73178030620598	12.79581482587579	55.93984591650866	-0.0	-0.0	103.15830366258741
120.53072414451734	127.16405769457353	12.856451231086668	55.93984591650866	-0.0	-0.0	102.77368227190924
115.83158697505517	126.90664335141581	12.91646676667998	55.93984591650866	-0.0	-0.0	102.36829536401784
110.17998832653743	126.35754825943879	12.975870613947128	55.93984591650866	-0.0	-0.0	101.98366928034449
103.68666577484579	126.0843530838671	13.034671835464822	55.93984591650866	-0.0	-0.0	101.583625715189
96.47884965665084	125.55928740327957	13.09287930907693	55.93984591650866	-0.0	-0.0	101.19951489000023
88.6977701147741	125.26742076860532	13.150501789746203	55.93984591650866	-0.0	-0.0	100.80429332074125
80.49588983097863	124.76730651652889	13.207547861476383	55.93984591650866	-0.0	-0.0	100.42116945317832
72.03391666807497	124.45721127463362	13.264025983138538	55.93984591650866	-0.0	-0.0	100.03030622988562
63.477654755744545	123.98054368744339	13.319944454288903	55.93984591650866	-0.0	-0.0	99.64857147437819
54.99475571995595	123.65437327157039	13.375311448691416	55.93984591650866	-0.0	-0.0	99.2616785734659
46.7514337125076	123.19851043913754	13.43013499066019	55.93984591650866	-0.0	-0.0	98.88166128988412
38.909208606454456	122.85910125182441	13.484422979316482	55.93984591650866	-0.0	-0.0	98.49842038367306
31.621741171392184	122.42108793025868	13.537733760309886	55.93984591650866	-0.0	-0.0	98.12037971455543
25.031822240182912	122.07137215283724	13.272533277583973	55.93984591650866	-0.0	-0.0	97.74084220104392
19.26857486155952	121.64827016512295	12.799739178913802	55.93984591650866	-0.0	-0.0	97.36682145007677
14.457224575796632	121.29096517731348	12.236167907576052	55.986449095437095	-0.0	181.23792635372823	96.99423549689227
11.313509017975564	120.88015506547275	11.622527784245838	59.411973294617525	-0.0	701.0574364522527	96.62726794210752
9.187293040395517	120.51760513058804	10.992552535692903	64.80024258238063	-0.0	887.9365792334216	96.26290939154526
8.071394190287164	120.1167865134048	10.385004957624728	71.04695973699192	-0.0	962.7267178544068	95.90370130385206
8.243582274509873	119.75097389617684	9.851335672649451	77.43582274509872	-0.0	929.7469314712682	95.54743244259501
8.842203412820691	119.35831941922777	9.437314565326034	83.42203412820692	-0.0	860.3125172719675	95.19534331969243
9.394642875986433	118.99070839849416	9.143005444813198	88.94642875986433	-0.0	791.5568376682974	94.84564667974443
9.901237897482932	118.60477649665192	8.959687625476018	94.01237897482932	-0.0	723.2355139542037	94.49884353636207
10.36228724145979	118.2365857646623	8.873941498644317	98.6228724145979	-0.0	655.3873376620376	94.15371646142731
10.77813544941698	117.85623429522572	8.86308431420214	102.7813544941698	-0.0	588.1015992003829	93.81046170156199
11.149197579158518	117.48840355995644	8.893403281437237	106.49197579158516	-0.0	521.5006493664944	93.46837216521457
11.475984391401177	117.11272865214742	8.936472072591378	109.75984391401175	-0.0	455.75075122994014	93.12762275114807
11.759138498658473	116.74596429526595	8.981723500859925	112.59138498658471	-0.0	391.08475711958886	92.7879473680559
11.999490355335006	116.37440272882911	9.027071667288078	114.99490355335004	-0.0	327.8398998582839	92.44948402199105
12.198148410479382	116.00917976528245	9.072197943979502	116.98148410479381	-0.0	266.5257368710862	92.11213679772582
12.356652112313085	115.64124276379759	9.117058089579587	118.56652112313085	-0.0	207.94818411925712	91.7759507801716
12.477241109138927	115.27790238213191	9.161647585078317	119.77241109138926	-0.0	153.45100343520403	91.44090742114739
12.563346821049247	114.91331452310476	9.205967522846601	120.63346821049247	-0.0	105.33327578369244	91.10699382037036
12.620413350572885	114.55206106442365	9.250019770271201	121.20413350572885	-0.0	67.22803681487952	90.77423666888401
12.656533359766422	114.19058173149608	9.293806288103223	121.56533359766422	-0.0	42.92103884098384	90.44258852099519
12.68076378592481	113.83161937874011	9.337329034503595	121.8076378592481	-0.0	32.55939177444891	90.11209952241889
12.69524781935354	113.47305835953173	9.38058995259096	121.95247819353538	-0.0	48.768797800370066	89.78270921873944
12.714063267344436	113.11646743157132	9.423590970867648	122.14063267344434	-0.0	36.52276697194402	89.45447430820208
12.731592680649884	112.76073026468725	9.466334001183194	122.31592680649884	-0.0	26.82957953154701	89.12733077378185
12.746465881934157	112.40658433563692	9.508820939242543	122.46465881934155	-0.0	33.64229935513668	88.80133618135439
12.75954448348825	112.05356407754053	9.551053664673448	122.5954448348825	-0.0	47.84097208177229	88.4764289032262
12.776241734610336	111.70191000221394	9.593034040995715	122.76241734610335	-0.0	44.252776632812896	88.15266154423423
12.794849103755698	111.35154583892039	9.634763916782825	122.94849103755698	-0.0	26.90462892033799	87.82997851313728
12.809743497356395	111.00240447083958	9.676245125288844	123.09743497356395	-0.0	30.63864204390878	87.50842613928626
12.821816927688198	110.6546380452052	9.71747948375559	123.21816927688198	-0.0	48.62476066902897	87.18795555268053
12.83989312533221	110.30802229060927	9.75846879357312	123.39893125332209	-0.0	35.936211012671414	86.86860577952991
12.856876811539648	109.96282025502092	9.79921484274303	123.56876811539647	-0.0	23.013974342653515	86.55033524295001
12.868439509866349	109.61872812139119	9.839719403733257	123.68439509866347	-0.0	44.80812875672612	86.23317611389048
12.885121344427972	109.27605574976089	9.879984232534625	123.85121344427971	-0.0	37.70067906168548	85.91709344014568
12.902313153767492	108.93447870722045	9.920011072677205	124.02313153767491	-0.0	21.381704107632938	85.60211298496927
12.913252504082687	108.59431290213507	9.959801652826393	124.13252504082686	-0.0	45.75155376850608	85.28820572628116
12.930755944008725	108.25524131316556	9.999357684800582	124.30755944008725	-0.0	32.25507943302489	84.97539194440955
12.946315266312107	107.91756112119482	10.038680869503779	124.46315266312106	-0.0	24.979673309877963	84.6636477533136
12.957303351950799	107.5809797703038	10.077772891956025	124.57303351950799	-0.0	46.77529397872292	84.35298873881862
12.976081036347649	107.24576511139689	10.11663542166356	124.76081036347648	-0.0	20.875899160303668	84.04339529225224
12.988206487976775	106.9116575383567	10.155270118137668	124.88206487976774	-0.0	36.636320343071795	83.73487908766533
13.002690496129878	106.57889087611785	10.19367862269315	125.02690496129877	-0.0	37.18969399595851	83.42742407071633
13.019257312467786	106.24724057866825	10.23186256574065	125.19257312467785	-0.0	19.26298046484375	83.12103870167942
13.02938358420191	105.91690564456128	10.269823564291706	125.29383584201908	-0.0	45.85811937074881	82.8157098194201
13.047812411606529	105.58769533344821	10.30756321854657	125.47812411606527	-0.0	17.661944369059064	82.51144330948487
13.05892269728217	105.25977582281992	10.345083120926459	125.5892269728217	-0.0	38.374377447915386	82.2082283331166
13.074371026421755	104.93298785420225	10.382384844640084	125.74371026421754	-0.0	30.42778629655051	81.90606869334017
13.088810146848182	104.6074677571344	10.419469954655932	125.88810146848182	-0.0	24.661494481086162	81.60495541716188
13.100264899406362	104.28308430458043	10.45634000052243	126.00264899406362	-0.0	40.647097082556336	81.30489066181649
13.117417512919207	103.9599478650106	10.492996518336879	126.17417512919207	-0.0	12.67651378113338	81.0058669127827
13.126772415203812	103.63795133459969	10.529441035012512	126.26772415203811	-0.0	44.29345522615016	80.7078850457177
13.144611501550218	103.31718288780509	10.565675058797913	126.44611501550217	-0.0	12.893045306250825	80.41093868633975
13.154618335871419	102.99755594708888	10.601700093043227	126.54618335871417	-0.0	39.549281799180235	80.11502771067599
13.170738786667513	102.6791398230777	10.637517620604612	126.70738786667513	-0.0	21.76630767363789	79.82014663757414
13.182667164919721	102.36186522491855	10.67312911956981	126.82667164919721	-0.0	31.15312172820275	79.52629456767629
13.196239361971315	102.04578582330078	10.708536049716736	126.96239361971315	-0.0	29.99352014178081	79.23346670541781
13.210173123846156	101.73084649294432	10.743739862880561	127.10173123846155	-0.0	22.058583088811684	78.94166156507855
13.221471655606145	101.41708818839784	10.778741997045401	127.21471655606143	-0.0	36.009659828184645	78.65087486979017
13.236980860478162	101.10446725322504	10.813543877844351	127.36980860478162	-0.0	12.989842240398138	78.36110469453808
13.246658265733648	100.79301439370983	10.848146921923997	127.46658265733647	-0.0	39.693760552633314	78.07234715291534
13.263122129975386	100.48269517840613	10.882552529372955	127.63122129975385	-0.0	0.4432446270780436	77.78459999321224
13.271886678980366	100.17353211118778	10.916762095503824	127.71886678980366	-0.0	41.27281002043137	77.4978596213197
13.288694207460829	99.86549812643737	10.950776995807667	127.88694207460827	-0.0	-0.0	77.2121235454108
13.2971388689403	99.55860921599921	10.984598604079368	127.97138868940299	-0.0	41.124991379892975	76.92738838831372
13.31380303196179	99.2528441445419	11.018228272228875	128.13803031961788	-0.0	-0.0	76.6436514847038
13.322331511642373	98.94821378430882	11.051667352347685	128.22331511642372	-0.0	39.7125325254891	76.36090961655636
13.338537564604815	98.64470146808297	11.084917173701458	128.38537564604815	-0.0	-0.0	76.07915999611389
13.347337646894657	98.34231408931964	11.117979066609971	128.47337646894655	-0.0	37.651155914386536	75.79839952046265
13.362962201586463	98.04103851853262	11.150854338458057	128.6296220158646	-0.0	3.411113411824915	75.51862531823699
13.37200540738422	97.7408785977268	11.183544297916514	128.7200540738422	-0.0	35.78476220665644	75.23983436844578
13.387119032796646	97.44182390221819	11.216050231021132	128.87119032796645	-0.0	5.905092877553956	74.96202374526177
13.396301592673224	97.14387596618236	11.24837342512408	128.96301592673223	-0.0	34.35237563080759	74.68519048503198
13.411032246292827	96.84702640985383	11.28051514526799	129.11032246292825	-0.0	6.091985162330124	74.40933162890917
13.420222184020796	96.55127504358379	11.312476657940975	129.20222184020795	-0.0	33.44462572522088	74.13444425278438
13.43496612237729	96.25661501649043	11.344041175519257	129.3496612237729	-0.0	-0.0	73.86052420887404
13.491625727412288	95.96304490340036	11.649671981882678	129.91625727412287	-0.0	167.48022319014515	73.58737012078187
13.63910781758132	95.67056115244806	12.411671555405896	131.3910781758132	-0.0	262.15285007709343	73.31352414324515
13.830614282971581	95.37917183418824	13.361290287171931	133.3061428297158	-0.0	301.1008250275625	73.03745149553956
14.03219423613484	95.08888618222275	14.173310574601821	135.3219423613484	-0.0	292.9710211248355	72.75875952805039
14.216126750150417	94.79971476806791	14.591414200962596	137.16126750150417	-0.0	252.9443145106506	72.47833534176813
14.363084268058266	94.51166110252049	14.51591760728135	138.63084268058265	-0.0	181.55525306081597	72.19792817034536
14.440817544585014	94.2247217700164	14.020916346029379	139.40817544585013	-0.0	84.79262397222857	71.91947284477568
14.44997508169515	93.93888559345206	13.338351475367109	139.4997508169515	-0.0	-0.0	71.64442892781766
14.44997508169515	93.65413723335105	12.57198924715638	139.4997508169515	-0.0	-0.0	71.3732774526761
14.44997508169515	93.3704610081909	11.529968945939872	139.4997508169515	-0.0	-0.0	71.10671717253399
14.44997508169515	93.0878362516459	10.450145317381958	139.4997508169515	-0.0	-0.0	70.84552910270183
14.44997508169515	92.80624148394337	9.582600751500259	139.4997508169515	-0.0	-0.0	70.589555168983
