0.8435992389393523	26.538553569918022	19.5151554236297	28.124724806065636	-0.0002345162206428081	1.0	6.327385717376882
0.8969826101645921	26.501191354693628	19.512910490112585	28.191638377957453	-0.0002345162206428081	1.0	6.295748526649603
1.0517569857458797	26.46401585341563	19.510642308505627	28.258596692078108	-0.0002345162206428081	1.0	6.264300490909929
1.3083981634096422	26.427025949678924	19.508350993494084	28.325599748427575	-0.0002345162206428081	1.0	6.233040501067439
1.6663864970622624	26.390220533624326	19.506036659090757	28.392647547005897	-0.0002345162206428081	1.0	6.201967454534765
2.124695380287615	26.35359850190021	19.503699418639947	28.45974008781305	-0.0002345162206428081	1.0	6.17108025518944
2.6817874988872594	26.317158757624206	19.501339384821392	28.52687737084904	-0.0002345162206428081	1.0	6.140377813335885
3.3356346959318293	26.28090021034561	19.49895666965412	28.59405939611385	-0.0002345162206428081	1.0	6.109859045668026
4.083719073158181	26.24482177600734	19.496551384500357	28.661286163607503	-0.0002345162206428081	1.0	6.079522875231534
4.923046491844837	26.208922376908497	19.494123640069375	28.72855767333	-0.0002345162206428081	1.0	6.049368231386613
5.850158538271528	26.17320094166734	19.491673546421303	28.795873925281324	-0.0002345162206428081	1.0	6.019394049771222
6.8611459586740215	26.137656405183993	19.489201212970944	28.863234919461465	-0.0002345162206428081	1.0	5.989599272264029
7.951667777154501	26.10228770860356	19.48670674849157	28.93064065587046	-0.0002345162206428081	1.0	5.9599828469477565
9.116969953126706	26.067093799279814	19.484190261118663	28.998091134508286	-0.0002345162206428081	1.0	5.930543728073131
10.351906699081418	26.03207363073855	19.481651858353658	29.065586355374947	-0.0002345162206428081	1.0	5.90128087602245
11.65096478748925	25.997226162641358	19.47909164706769	29.133126318470428	-0.0002345162206428081	1.0	5.872193257273595
13.008288704483544	25.962550360749862	19.476509733505242	29.200711023794756	-0.0002345162206428081	1.0	5.8432798443645435
14.4177080763533	25.92804519688983	19.473906223287848	29.26834047134792	-0.0002345162206428081	1.0	5.81453961585766
15.872766991767303	25.893709648915483	19.471281221417755	29.33601466112992	-0.0002345162206428081	1.0	5.785971556304275
17.366754337631328	25.859542700674467	19.468634832281534	29.403733593140736	-0.0002345162206428081	1.0	5.757574656209869
18.89273594510214	25.825543341972462	19.46596715965368	29.4714972673804	-0.0002345162206428081	1.0	5.729347911998922
20.44358801964364	25.791710568538214	19.46327830670024	29.5393056838489	-0.0002345162206428081	1.0	5.701290325980176
22.012031254547207	25.75804338198907	19.460568375982348	29.607158842546234	-0.0002345162206428081	1.0	5.673400906312381
23.5906662447293	25.724540789796254	19.45783746945978	29.675056743472386	-0.0002345162206428081	1.0	5.645678666969818
25.172009693356912	25.69120180525045	19.455085688494485	29.742999386627385	-0.0002345162206428081	1.0	5.618122627708096
26.68642331461726	25.719233633113262	19.452320869257882	29.741736432745054	29.308567322422746	1.0	5.645867354824685
27.955693954676555	25.957523707747207	19.449627102107097	29.502100087067326	60.55040263834231	1.0	5.862969914991109
29.005462176603604	26.34444307979337	19.447104999930954	29.09262432059272	80.63673142261179	1.0	6.213818089966155
29.872325010359994	26.822123893601052	19.444819235360136	28.577988411269022	92.43012596651201	1.0	6.64622041282967
30.58817726590475	27.348061221095406	19.442807128462903	28.00581240706996	98.18512378622115	1.0	7.121850533903171
31.179986049580872	27.89172669763854	19.44108612173774	27.410401492553014	99.64401188116024	1.0	7.613189708018754
31.669956847567796	28.431756645655582	19.439659546528713	26.815859978593068	98.12706794085359	1.0	8.100988377591792
32.075969770336435	28.953652633277656	19.438521008495815	26.238641430942	94.61545991499197	1.0	8.57219065295663
32.41214725614976	29.44795171759544	19.437657647232438	25.68958043956005	89.82389632394751	1.0	9.018282946272992
32.68941384633281	29.90884308789293	19.4370524548259	25.175430307595846	84.25950904775262	1.0	9.434045615375725
32.91613728295796	30.333048475838275	19.43668600274463	24.700109192111565	78.27520749259506	1.0	9.816542768552853
33.09862976358969	30.719032675081866	19.436537587160913	24.265579618387175	72.10879177708418	1.0	10.164409989117992
33.241598540915156	31.06641759974225	19.43658600709055	23.872502034294914	65.91436306996556	1.0	10.477325759145687
33.34853436840069	31.375548933443245	19.436810085138152	23.52071876868917	59.787226517981864	1.0	10.755620584058658
33.421997685406915	31.647205065391343	19.437188972568478	23.20957957785423	53.7813836409552	1.0	11.000014498038633
33.463853205084526	31.882389718815034	19.43770232913619	22.938173997240657	47.92292504258911	1.0	11.211430080791772
33.475438461232194	32.082196663859015	19.438330404865873	22.70548331631444	42.21923750027663	1.0	11.390870503597448
33.45768931616677	32.24772029727396	19.439054060892325	22.510481394264616	36.66551694026567	1.0	11.539338951695184
33.41123855091108	32.379994263112025	19.43985475690962	22.352204156677313	31.249615998030457	1.0	11.657783338921103
33.336472720322234	32.479961405104106	19.440714503762738	22.229784070841994	25.95467743497183	1.0	11.747069280487743
33.2252418456687	32.54841465644087	19.441615862936775	22.14251694591705	20.509703920114468	1.0	11.807926840994702
32.95594446806488	32.57569421046226	19.442539808717623	22.101527646283532	11.522524173895656	1.0	11.831670632202401
32.483725986582606	32.53723041308924	19.443457106655792	22.134901459995273	-0.00021437427584971604	1.0	11.796192167958083
31.75587215077056	32.467590554354004	19.444336808333293	22.203917781913574	-0.00021437427584971604	1.0	11.732661032451107
30.73276867464007	32.39832564971531	19.44517392452371	22.272978846060703	-0.00021437427584971604	1.0	11.669506058731189
29.43376041219323	32.329433479041455	19.44596868329512	22.342084652436665	-0.00021437427584971604	1.0	11.606725041212933
27.883747745301537	32.26091183521844	19.446721311378322	22.411235201041443	-0.00021437427584971604	1.0	11.544315787243367
26.11273307624072	32.192758524073675	19.44743203417468	22.480430491875076	-0.00021437427584971604	1.0	11.482276117026139
24.155258830680285	32.12497136429947	19.448101075763987	22.54967052493754	-0.00021437427584971604	1.0	11.420603863545496
22.049751232112374	32.05754818737815	19.448728658912152	22.618955300228837	-0.00021437427584971604	1.0	11.359296872491909
19.837792848748233	31.99048683750723	19.44931500507888	22.688284817748954	-0.00021437427584971604	1.0	11.298353002187719
17.563320713562288	31.92378517152403	19.44986033442543	22.757659077497923	-0.00021437427584971604	1.0	11.237770123512268
15.271766188029545	31.857441058832304	19.45036486582214	22.827078079475726	-0.00021437427584971604	1.0	11.177546119828989
13.009180467025729	31.791452381328593	19.45082881685601	22.896541823682366	-0.00021437427584971604	1.0	11.117678886912252
10.821326522087888	31.725817033328305	19.45125240383827	22.966050310117815	-0.00021437427584971604	1.0	11.058166332873919
8.752763496111292	31.660532921493395	19.451635841811832	23.035603538782123	-0.00021437427584971604	1.0	10.999006378091515
6.845993102014535	31.595597964760234	19.451979344558683	23.10520150967526	-0.00021437427584971604	1.0	10.940196955136548
5.1405535380693195	31.531010094266836	19.45228312460737	23.174844222797233	-0.00021437427584971604	1.0	10.881736008702237
3.672260969377313	31.466767253281926	19.452547393240295	23.244531678148025	-0.00021437427584971604	1.0	10.823621495533022
2.472611111789165	31.402867397133907	19.452772360500987	23.314263875727665	-0.00021437427584971604	1.0	10.765851384353999
1.5677051001161089	31.339308493139516	19.452958235201457	23.38404081553614	-0.00021437427584971604	1.0	10.70842365580007
0.978682330301645	31.27608852053405	19.453105224929352	23.453862497573443	-0.00021437427584971604	1.0	10.65133630234659
0.720536384729211	31.213205470401594	19.45321353605513	23.523728921839563	-0.00021437427584971604	1.0	10.594587328240072
0.7085744505293456	31.150657345604888	19.45328337373925	23.59364008833455	-0.00021437427584971604	1.0	10.53817474942852
0.7106731277910602	31.08844216071695	19.453314941939208	23.663595997058366	-0.00021437427584971604	1.0	10.48209659349348
0.7127731473196395	31.026557941952085	19.45330844341663	23.73359664801101	-0.00021437427584971604	1.0	10.426350899581507
0.7148745091150834	30.96500272709759	19.45326407974428	23.80364204119247	-0.00021437427584971604	1.0	10.370935718336336
0.7169772131773928	30.90377456544626	19.45318205131298	23.873732176602786	-0.00021437427584971604	1.0	10.3158491118318
0.7190812595065672	30.84287151772828	19.45306255733863	23.94386705424193	-0.00021437427584971604	1.0	10.261089153504207
0.7211866481026067	30.78229165604471	19.452905795869036	24.014046674109917	-0.00021437427584971604	1.0	10.206653928086208
0.7232933789655106	30.722033063800883	19.452711963790737	24.084271036206715	-0.00021437427584971604	1.0	10.152541531540688
0.7254014520952801	30.662093835639446	19.4524812568359	24.15454014053236	-0.00021437427584971604	1.0	10.098750070994205
0.7275108674919147	30.60247207737511	19.45221386958901	24.22485398708685	-0.00021437427584971604	1.0	10.04527766467218
0.7296216251554143	30.543165905929172	19.451909995493608	24.295212575870167	-0.00021437427584971604	1.0	9.992122441833855
0.7317337250857783	30.484173449263775	19.451569826859043	24.3656159068823	-0.00021437427584971604	1.0	9.93928254270698
0.7338471672830079	30.425492846317667	19.45119355486705	24.436063980123286	-0.00021437427584971604	1.0	9.886756118423996
0.7359619517471025	30.367122246942035	19.450781369578383	24.506556795593106	-0.00021437427584971604	1.0	9.834541330958261
0.7380780784780622	30.3090598118358	19.45033345993942	24.57709435329176	-0.00021437427584971604	1.0	9.78263635305982
0.7401955474758865	30.251303712482596	19.449850013788662	24.647676653219236	-0.00021437427584971604	1.0	9.731039368192752
0.7423143587405762	30.193852131087567	19.44933121786321	24.71830369537556	-0.00021437427584971604	1.0	9.679748570472407
0.7444345122721309	30.136703260513976	19.4487772578053	24.788975479760715	-0.00021437427584971604	1.0	9.628762164602422
0.7465560080705507	30.079855304221148	19.448188318168658	24.85969200637471	-0.00021437427584971604	1.0	9.578078365813072
0.7486788461358349	30.023306476202514	19.44756458242486	24.93045327521752	-0.00021437427584971604	1.0	9.527695399799702
0.7508030264679847	29.967055000923143	19.446906232969773	25.00125928628918	-0.00021437427584971604	1.0	9.47761150266071
0.7529285490669995	29.91109911325893	19.446213451129776	25.072110039589674	-0.00021437427584971604	1.0	9.42782492083709
0.7550554139328793	29.85543705843562	19.445486417168052	25.143005535119006	-0.00021437427584971604	1.0	9.378333911051879
0.7571836210656236	29.80006709196756	19.44472531029085	25.213945772877146	-0.00021437427584971604	1.0	9.329136740249306
0.7593131704652336	29.744987479597754	19.443930308653655	25.284930752864145	-0.00021437427584971604	1.0	9.28023168553524
0.7614440621317086	29.69019649723814	19.44310158936734	25.35596047507998	-0.00021437427584971604	1.0	9.231617034117852
0.7635762960650484	29.635692430909312	19.442239328504332	25.427034939524642	-0.00021437427584971604	1.0	9.183291083247742
0.7657098722652529	29.581473576681688	19.44134370110467	25.49815414619812	-0.00021437427584971604	1.0	9.135252140159489
0.7678447907323229	29.527538240616725	19.44041488118204	25.569318095100456	-0.00021437427584971604	1.0	9.08749852201324
0.769981051466258	29.473884738707817	19.439453041729852	25.64052678623162	-0.00021437427584971604	1.0	9.040028555836018
0.772118654467058	29.420511396822413	19.438458354727167	25.711780219591624	-0.00021437427584971604	1.0	8.992840578464193
0.7742575997347225	29.36741655064432	19.437430991144662	25.78307839518044	-0.00021437427584971604	1.0	8.94593293648619
0.7763978872692526	29.314598545615553	19.436371120950554	25.85442131299811	-0.00021437427584971604	1.0	8.899303986184691
0.7785395170706477	29.26205573687953	19.43527891311648	25.925808973044614	-0.00021437427584971604	1.0	8.852952093480233
0.7806824891389078	29.209786489224367	19.4341545356233	25.997241375319952	-0.00021437427584971604	1.0	8.806875633874844
0.782826803474033	29.157789177025766	19.432998155466958	26.06871851982412	-0.00021437427584971604	1.0	8.76107299239533
0.7849724600760226	29.106062184191167	19.43180993866424	26.14024040655711	-0.00021437427584971604	1.0	8.71554256353778
0.7871194589448779	29.054603904104003	19.430590050258484	26.211807035518948	-0.00021437427584971604	1.0	8.670282751212191
0.7892678000805982	29.003412739567704	19.429338654325335	26.28341840670962	-0.00021437427584971604	1.0	8.625291968686835
0.7914174834831834	28.952487102750702	19.428055913978397	26.355074520129133	-0.00021437427584971604	1.0	8.580568638533618
0.7935685091526331	28.901825415131764	19.426741991374858	26.42677537577746	-0.00021437427584971604	1.0	8.536111192573802
0.7957208770889483	28.851426107444873	19.42539704772113	26.498520973654635	-0.00021437427584971604	1.0	8.4919180718232
0.7978745872921288	28.801287619625256	19.424021243278418	26.570311313760648	-0.00021437427584971604	1.0	8.447987726438607
0.8000296397621742	28.75140840075568	19.422614737368217	26.642146396095495	-0.00021437427584971604	1.0	8.404318615664394
0.802186034499084	28.7017869090123	19.421177688377885	26.714026220659154	-0.00021437427584971604	1.0	8.360909207778764
0.8043437715028594	28.65242161161155	19.419710253766098	26.785950787451668	-0.00021437427584971604	1.0	8.317757980040966
0.8065028507734998	28.60331098475748	19.418212590068258	26.857920096473016	-0.00021437427584971604	1.0	8.27486341863896
0.8086632723110052	28.554453513588502	19.416684852901962	26.9299341477232	-0.00021437427584971604	1.0	8.23222401863654
0.8108250361153752	28.50584769212525	19.41512719697237	27.001992941202197	-0.00021437427584971604	1.0	8.189838283921532
0.8129881421866106	28.457492023218723	19.413539776077506	27.074096476910047	-0.00021437427584971604	1.0	8.147704727154267
0.8151525905247111	28.409385018498117	19.411922743113653	27.14624475484673	-0.00021437427584971604	1.0	8.105821869715754
0.8173183811296768	28.361525198319487	19.410276250080592	27.218437775012248	-0.00021437427584971604	1.0	8.064188241656685
0.8194855140015068	28.31391109171489	19.408600448086855	27.29067553740658	-0.00021437427584971604	1.0	8.022802381646901
0.8216539891402024	28.266541236340995	19.406895487354973	27.362958042029767	-0.00021437427584971604	1.0	7.9816628369243645
0.8238238065457629	28.219414178428767	19.405161517226684	27.43528528888179	-0.00021437427584971604	1.0	7.940768163245142
0.8259949662181887	28.172528472733426	19.403398686168035	27.507657277962643	-0.00021437427584971604	1.0	7.900116924833705
0.8281674681574788	28.12588268248405	19.401607141774594	27.580074009272312	-0.00021437427584971604	1.0	7.859707694332866
0.8303413123636345	28.07947537933399	19.399787030776505	27.652535482810833	-0.00021437427584971604	1.0	7.81953905275451
0.8325164988366552	28.033305143311818	19.397938499043565	27.725041698578192	-0.00021437427584971604	1.0	7.779609589430876
0.834693027576541	27.987370562771787	19.396061691590297	27.79759265657438	-0.00021437427584971604	1.0	7.7399179019653275
0.8368708985832911	27.941670234345132	19.394156752580944	27.870188356799385	-0.00021437427584971604	1.0	7.7004625961839706
0.8390501118569069	27.896202762891775	19.39222382533444	27.94282879925325	-0.00021437427584971604	1.0	7.661242286087712
0.8412306673973876	27.850966761451797	19.39026305232939	28.015513983935943	-0.00021437427584971604	1.0	7.622255593803988
0.8434125652047336	27.80596085119746	19.388274575209014	28.08824391084747	-0.00021437427584971604	1.0	7.583501149539159
0.8455958052789438	27.7611836613859	19.38625853478599	28.161018579987818	-0.00021437427584971604	1.0	7.544977591531468
0.8477803876200197	27.716633829311263	19.384215071047368	28.23383799135701	-0.00021437427584971604	1.0	7.506683566003527
0.8499663122279607	27.672310000257735	19.38214432315941	28.306702144955043	-0.00021437427584971604	1.0	7.468617727115627
0.8521535791027666	27.62821082745295	19.38004642947237	28.37961104078191	-0.00021437427584971604	1.0	7.4307787369194624
0.854342188244437	27.58433497202108	19.377921527525306	28.452564678837586	-0.00021437427584971604	1.0	7.393165265311526
0.856532139652973	27.54068110293652	19.375769754050854	28.52556305912212	-0.00021437427584971604	1.0	7.355775989987107
0.8587234333283741	27.49724789697826	19.3735912449799	28.59860618163549	-0.00021437427584971604	1.0	7.318609596394941
0.86091606927064	27.454034038683716	19.37138613544632	28.671694046377688	-0.00021437427584971604	1.0	7.28166477769137
0.8631100474797705	27.411038220303297	19.36915455979167	28.744826653348706	-0.00021437427584971604	1.0	7.244940234695181
0.8653053679557666	27.36825914175544	19.36689665156978	28.818004002548577	-0.00021437427584971604	1.0	7.208434675842958
0.8675020306986276	27.32569551058141	19.36461254355141	28.891226093977277	-0.00021437427584971604	1.0	7.172146817144164
0.8697000357083537	27.283346041900536	19.36230236772885	28.964492927634815	-0.00021437427584971604	1.0	7.136075382136674
0.8718993829849444	27.24120945836614	19.359966255320444	29.03780450352117	-0.00021437427584971604	1.0	7.100219101842992
0.8741000725284006	27.199284490121006	19.35760433677515	29.111160821636375	-0.00021437427584971604	1.0	7.064576714726018
0.8763021043387218	27.1575698747535	19.35521674177708	29.184561881980414	-0.00021437427584971604	1.0	7.0291469666454445
0.8785054784159081	27.116064357254206	19.35280359924993	29.258007684553288	-0.00021437427584971604	1.0	6.993928610814687
0.8807101947599586	27.07476668997226	19.350365037361467	29.331498229354974	-0.00021437427584971604	1.0	6.9589204077574935
0.8829162533708749	27.03367563257212	19.34790118352798	29.405033516385515	-0.00021437427584971604	1.0	6.924121125265013
0.8996931985548222	26.992789951990957	19.345412164418644	29.478613545644894	-0.00021437427584971604	1.0	6.889529538353456
1.0082607249867566	26.952108422395973	19.34289810595993	29.552238317133106	-0.00021437427584971604	1.0	6.855144429221683
1.2241116397461183	26.911629825141656	19.340359133339962	29.625907830850124	-0.00021437427584971604	1.0	6.820964587208756
1.5466462829168648	26.87135294872815	19.337795371012817	29.699622086796	-0.00021437427584971604	1.0	6.786988808752575
1.9750813239909109	26.831276588758858	19.335206942702868	29.773381084970715	-0.00021437427584971604	1.0	6.75321589734776
2.508104307547417	26.79139954789924	19.332593971409032	29.847184825374264	-0.00021437427584971604	1.0	6.719644663504713
3.1438808679292327	26.75172063583518	19.329956579409036	29.921033308006624	-0.00021437427584971604	1.0	6.68627392470826
3.8800574762057445	26.712238669231645	19.32729488826365	29.994926532867844	-0.00021437427584971604	1.0	6.653102505376594
4.71377479254569	26.672952471692195	19.32460901882088	30.068864499957893	-0.00021437427584971604	1.0	6.620129236821024
5.641675347533562	26.633860873718017	19.321899091220146	30.142847209276777	-0.00021437427584971604	1.0	6.587352957205307
6.659920508565129	26.59496271266739	19.319165224896466	30.216874660824477	-0.00021437427584971604	1.0	6.554772511505356
7.764206676003487	26.556256832715768	19.316407538584535	30.29094685460103	-0.00021437427584971604	1.0	6.522386751469595
8.949783162347082	26.517742084815676	19.313626150322875	30.365063790606413	-0.00021437427584971604	1.0	6.4901945355791195
10.211474807595216	26.47941732665679	19.310821177457903	30.439225468840636	-0.00021437427584971604	1.0	6.458194729008022
11.54370511899174	26.441281422626773	19.307992736647982	30.51343188930367	-0.00021437427584971604	1.0	6.42638620358451
12.940521675728204	26.40333324377181	19.305140943867457	30.58768305199556	-0.00021437427584971604	1.0	6.394767837751684
14.395624287802582	26.365571667757447	19.302265914410686	30.661978956916283	-0.00021437427584971604	1.0	6.363338516528627
15.902394204889172	26.32799557883007	19.299367762895994	30.73631960406584	-0.00021437427584971604	1.0	6.332097131472154
17.45392535895482	26.290603867778195	19.296446603269654	30.810704993444208	-0.00021437427584971604	1.0	6.30104258063834
19.043057451504627	26.25339543189388	19.293502548809837	30.885135125051434	-0.00021437427584971604	1.0	6.27017376854419
20.662409912428203	26.21636917493497	19.29053571213052	30.959609998887494	-0.00021437427584971604	1.0	6.239489606130147
22.304417442698306	26.179524007087046	19.28754620518536	31.034129614952388	-0.00021437427584971604	1.0	6.208989010722249
23.96136682576742	26.142858844925513	19.28453413927162	31.108693973246094	-0.00021437427584971604	1.0	6.178670905994508
25.62543411799315	26.106372611378482	19.281499625033945	31.183303073768656	-0.00021437427584971604	1.0	6.148534221932027
27.21763130617336	26.142163501839228	19.278452418719855	31.176378637003012	32.58972721955535	1.0	6.183523498305748
28.55915490857712	26.40142944596463	19.275484946269902	30.91605031709078	65.385413834051	1.0	6.419769819544808
29.676705040251022	26.817263972091826	19.2727030548911	30.476758107733918	86.64952309304209	1.0	6.796901727207872
30.605706669528406	27.32961751374338	19.27017515147968	29.925605543193264	99.27522271806747	1.0	7.260758884922258
31.377609825862695	27.894043996792085	19.267941155723488	29.31237757066633	105.56239463581224	1.0	7.771263820782528
32.01943885863034	28.478375506989448	19.266020123256183	28.673214321283677	107.30474380460875	1.0	8.29941926462457
32.553773879883074	29.059923458358092	19.26441618588128	28.033708447361036	105.87404895261152	1.0	8.824781326555696
32.99905056936019	29.623154752575477	19.263123121413383	27.41148079404224	102.2996669907853	1.0	9.333361829875768
33.36998057166642	30.157863123259506	19.26212772700774	26.818209673631355	97.33668613085182	1.0	9.815977834461059
33.67809808268488	30.657704161927597	19.26141232227453	26.261258752001726	91.52688226268127	1.0	10.266929585273038
33.932328354936935	31.11904984792881	19.260956571136703	25.744951389336485	85.25065760361584	1.0	10.682966916028931
34.13945985215275	31.540168610650916	19.260738701687043	25.271483751406763	78.7661950125161	1.0	11.062549467535032
34.304613876376514	31.92058562098172	19.26073637453727	24.841638128380442	72.24307422139373	1.0	11.405269591391406
34.43162049612883	32.26062863722575	19.260927243083184	24.455289966019652	65.78742584285682	1.0	11.711442697425744
34.52331677328253	32.56111160550101	19.26128929535647	24.11176163686244	59.46055641493047	1.0	11.981821901031132
34.58179147622506	32.823108283388045	19.261801058741035	23.810075993619854	53.293223840854594	1.0	12.217393896078399
34.60856068391007	33.04780473249749	19.262441694483456	23.54912201295955	47.29542864617507	1.0	12.41924598019283
34.604708816016185	33.23639626294393	19.263191031821847	23.327770872832787	41.46381051465012	1.0	12.588473181191073
34.570987468745344	33.39002351996578	19.26402955496348	23.144948317840154	35.78658008153807	1.0	12.726120689191275
34.507879918120416	33.50973687123694	19.264938357028264	22.999675408191127	30.246552751353562	1.0	12.833151814602425
34.415659569849005	33.59646851946073	19.265899087044897	22.891100615515246	24.823764978771568	1.0	12.91042291208635
34.24388204749985	33.6489826351044	19.266893667898504	22.82081927544824	18.02704867595828	1.0	12.956836907392724
33.85459578682114	33.646381644202535	19.267898695753946	22.812703088757505	6.309313228175331	1.0	12.953588241845594
33.252667560663845	33.57822322780106	19.268878130616642	22.878948315801523	-0.00022069708191740526	1.0	12.891301889355363
32.351352247214315	33.502118298821685	19.26981184618121	22.954676014337956	-0.00022069708191740526	1.0	12.821897705081536
31.153499368656497	33.426422987056895	19.270699415411116	23.030448455103222	-0.00022069708191740526	1.0	12.752904118599831
29.681889317846345	33.35113486913191	19.271541087253034	23.10626563809732	-0.00022069708191740526	1.0	12.68431872241343
27.964848999682342	33.27625153588067	19.272337109194034	23.182127563320233	-0.00022069708191740526	1.0	12.616139123141137
26.035727698211158	33.201770592263145	19.27308772727004	23.258034230772	-0.00022069708191740526	1.0	12.548362941435256
23.932276751278927	33.127689657282744	19.273793186074332	23.333985640452607	-0.00022069708191740526	1.0	12.480987811899492
21.69593106682852	33.05400636390306	19.27445372876611	23.409981792362043	-0.00022069708191740526	1.0	12.414011383006283
19.37101019393248	32.9807183589668	19.275069597078815	23.486022686500295	-0.00022069708191740526	1.0	12.347431317016223
17.003872138081817	32.90782330311438	19.275641031328462	23.562108322867402	-0.00022069708191740526	1.0	12.281245289897244
14.642009571801406	32.83531887070238	19.276168270422065	23.63823870146334	-0.00022069708191740526	1.0	12.215450991243548
12.333109193566697	32.76320274972372	19.276651551865804	23.714413822288115	-0.00022069708191740526	1.0	12.150046124196342
10.124131870127586	32.69147264172784	19.277091111773235	23.790633685341707	-0.00022069708191740526	1.0	12.085028405364529
8.06036339654197	32.620126261740374	19.277487184873543	23.866898290624146	-0.00022069708191740526	1.0	12.020395564744913
6.1845100014254095	32.549161338184895	19.277840004519582	23.943207638135423	-0.00022069708191740526	1.0	11.95614534564445
4.535906471361971	32.47857561280441	19.27814980269593	24.019561727875534	-0.00022069708191740526	1.0	11.892275504602255
3.1495314435353317	32.408366840582524	19.278416810027004	24.095960559844457	-0.00022069708191740526	1.0	11.828783811311295
2.0556214930586676	32.338532789666374	19.278641255784954	24.172404134042235	-0.00022069708191740526	1.0	11.765668048541842
1.2785832000158328	32.26907124128966	19.2788233678976	24.248892450468837	-0.00022069708191740526	1.0	11.702926012064939
0.8369437295347256	32.199979989695166	19.27896337295636	24.325425509124283	-0.00022069708191740526	1.0	11.64055551057553
0.7284811859796644	32.1312568420591	19.27906149622404	24.40200331000855	-0.00022069708191740526	1.0	11.578554365617201
0.731045914866532	32.062899618415045	19.279117961642644	24.478625853121667	-0.00022069708191740526	1.0	11.51692041150669
0.7333459334267907	31.994906151578537	19.279132991841127	24.55529313846362	-0.00022069708191740526	1.0	11.455651495258953
0.7356472942539142	31.927274287072283	19.27910680814306	24.632005166034403	-0.00022069708191740526	1.0	11.394745476512838
0.7379499973479021	31.860001883051556	19.279039630574317	24.708761935833998	-0.00022069708191740526	1.0	11.334200227456998
0.7402540427087556	31.793086810229788	19.278931677870695	24.78556344786245	-0.00022069708191740526	1.0	11.274013632755969
0.7425594303364742	31.72652695180565	19.27878316748542	24.86240970211974	-0.00022069708191740526	1.0	11.214183589477711
0.7448661602310578	31.66032020338938	19.27859431559672	24.93930069860586	-0.00022069708191740526	1.0	11.154708007020442
0.7471742323925058	31.594464472929815	19.278365337115297	25.016236437320792	-0.00022069708191740526	1.0	11.095584807040133
0.7494836468208195	31.528957680642606	19.278096445691727	25.093216918264584	-0.00022069708191740526	1.0	11.036811923379192
0.751794403515998	31.463797758937993	19.277787853723872	25.170242141437203	-0.00022069708191740526	1.0	10.978387301994726
0.7541065024780418	31.398982652349023	19.277439772364243	25.247312106838663	-0.00022069708191740526	1.0	10.920308900887214
0.75641994370695	31.33451031746109	19.27705241152725	25.324426814468932	-0.00022069708191740526	1.0	10.86257469003051
0.7587347272027236	31.270378722840857	19.2766259798965	25.401586264328056	-0.00022069708191740526	1.0	10.805182651301248
0.7610508529653623	31.206585848965844	19.276160684932027	25.478790456416014	-0.00022069708191740526	1.0	10.748130778408868
0.7633683209948662	31.143129688155117	19.27565673287742	25.55603939073281	-0.00022069708191740526	1.0	10.691417076826777
0.7656871312912343	31.080008244499584	19.27511432876698	25.633333067278414	-0.00022069708191740526	1.0	10.63503956372309
0.7680072838544681	31.0172195337926	19.274533676432835	25.710671486052874	-0.00022069708191740526	1.0	10.578996267891702
0.7703287786845671	30.95476158346206	19.273914978511947	25.78805464705617	-0.00022069708191740526	1.0	10.523285229684808
0.7726516157815309	30.892632432501816	19.273258436453123	25.8654825502883	-0.00022069708191740526	1.0	10.467904500944789
0.7749757951453592	30.83083013140359	19.272564250524034	25.942955195749242	-0.00022069708191740526	1.0	10.412852144936558
0.7773013167760531	30.76935274209008	19.271832619818078	26.020472583439037	-0.00022069708191740526	1.0	10.358126236281104
0.7796281806736121	30.70819833784777	19.271063742261276	26.098034713357666	-0.00022069708191740526	1.0	10.303724860888753
0.781956386838036	30.647365003259893	19.27025781461917	26.175641585505133	-0.00022069708191740526	1.0	10.249646115892563
0.7842859352693246	30.58685083414083	19.269415032503556	26.253293199881412	-0.00022069708191740526	1.0	10.195888109583148
0.7866168259674785	30.52665393746994	19.26853559037928	26.330989556486546	-0.00022069708191740526	1.0	10.142448961342955
0.7889490589324976	30.46677243132585	19.267619681570995	26.408730655320515	-0.00022069708191740526	1.0	10.08932680158097
0.7912826341643816	30.407204444821875	19.266667498269783	26.486516496383317	-0.00022069708191740526	1.0	10.03651977166857
0.7936175516631301	30.34794811804116	19.265679231539835	26.56434707967493	-0.00022069708191740526	1.0	9.984026023875083
0.7959538114287441	30.289001601971908	19.264655071325087	26.642222405195405	-0.00022069708191740526	1.0	9.931843721303455
0.7982914134612233	30.230363058444098	19.263595206455733	26.720142472944712	-0.00022069708191740526	1.0	9.87997103782737
0.8006303577605675	30.172030660065705	19.262499824654775	26.79810728292285	-0.00022069708191740526	1.0	9.828406158027878
0.802970644326776	30.114002590159092	19.261369112544546	26.876116835129803	-0.00022069708191740526	1.0	9.777147277130236
0.8053122731598503	30.056277042698742	19.260203255653128	26.954171129565612	-0.00022069708191740526	1.0	9.72619260094201
0.8076552442597895	29.998852222248697	19.259002438420755	27.03227016623025	-0.00022069708191740526	1.0	9.675540345790951
0.8099995576265937	29.941726343900008	19.25776684420626	27.110413945123728	-0.00022069708191740526	1.0	9.625188738462848
0.8123452132602624	29.8848976332096	19.256496655293336	27.188602466246017	-0.00022069708191740526	1.0	9.575136016140789
0.8146922111607967	29.82836432613872	19.25519205289688	27.266835729597158	-0.00022069708191740526	1.0	9.525380426344013
0.8170405513281961	29.77212466899158	19.25385321716927	27.34511373517714	-0.00022069708191740526	1.0	9.47592022686696
0.8193902337624605	29.71617691835521	19.25248032720657	27.423436482985952	-0.00022069708191740526	1.0	9.426753685719513
0.8217412584635891	29.660519341039095	19.251073561054714	27.501803973023573	-0.00022069708191740526	1.0	9.377879081067027
0.8240936254315836	29.605150214014714	19.24963309571572	27.580216205290057	-0.00022069708191740526	1.0	9.32929470117028
0.826447334666443	29.550067824356606	19.24815910715375	27.65867317978537	-0.00022069708191740526	1.0	9.28099884432691
0.8288023861681674	29.495270469182973	19.24665177030121	27.737174896509515	-0.00022069708191740526	1.0	9.232989818812412
0.8311587799367564	29.440756455596368	19.24511125906484	27.81572135546248	-0.00022069708191740526	1.0	9.185265942821214
0.8335165159722109	29.38652410062564	19.24353774633167	27.894312556644294	-0.00022069708191740526	1.0	9.137825544408999
0.8358755942745303	29.332571731167725	19.241931403975013	27.972948500054944	-0.00022069708191740526	1.0	9.090666961434891
0.8382360148437149	29.27889768392928	19.240292402860465	28.05162918569443	-0.00022069708191740526	1.0	9.043788541503456
0.8405977776797638	29.225500305369724	19.238620912851736	28.130354613562726	-0.00022069708191740526	1.0	8.997188641908116
0.8429608827826783	29.17237795164393	19.236917102816555	28.209124783659878	-0.00022069708191740526	1.0	8.950865629574231
0.845325330152458	29.119528988544996	19.235181140632537	28.287939695985866	-0.00022069708191740526	1.0	8.904817881002229
0.8476911197891028	29.066951791448187	19.233413193192952	28.36679935054069	-0.00022069708191740526	1.0	8.859043782211938
0.8500582516926117	29.014644745254753	19.231613426412494	28.445703747324323	-0.00022069708191740526	1.0	8.813541728686737
0.8524267258629865	28.96260624433554	19.22978200523306	28.524652886336813	-0.00022069708191740526	1.0	8.768310125317562
0.8547965423002262	28.910834692476033	19.227919093629414	28.60364676757814	-0.00022069708191740526	1.0	8.723347386348319
0.8571677010043309	28.859328502821114	19.22602485461486	28.682685391048295	-0.00022069708191740526	1.0	8.67865193532096
0.8595402019753	28.80808609781969	19.224099450246918	28.76176875674727	-0.00022069708191740526	1.0	8.63422220502053
0.8619140452131349	28.75710590917062	19.222143041632886	28.8408968646751	-0.00022069708191740526	1.0	8.590056637421398
0.8642892307178346	28.70638637776852	19.220155788935404	28.920069714831754	-0.00022069708191740526	1.0	8.546153683633456
0.8666657584893995	28.655925953649323	19.21813785137806	28.99928730721725	-0.00022069708191740526	1.0	8.502511803848003
0.8690436285278288	28.60572309593719	19.216089387250825	29.07854964183156	-0.00022069708191740526	1.0	8.459129467285033
0.8714228408331236	28.55577627279116	19.21401055391554	29.157856718674722	-0.00022069708191740526	1.0	8.41600515214022
0.8738033954052835	28.506083961351795	19.2119015078114	29.237208537746717	-0.00022069708191740526	1.0	8.373137345531907
0.8761852922443085	28.45664464768891	19.20976240446033	29.31660509904755	-0.00022069708191740526	1.0	8.330524543449192
0.8785685313501979	28.407456826749282	19.207593398472344	29.396046402577195	-0.00022069708191740526	1.0	8.288165250699963
0.8809531127229528	28.358519002304046	19.205394643550946	29.47553244833569	-0.00022069708191740526	1.0	8.246057980858666
0.8833390363625728	28.3098296868975	19.203166292498405	29.555063236323026	-0.00022069708191740526	1.0	8.20420125621542
0.8857263022690579	28.261387401795652	19.200908497221032	29.634638766539194	-0.00022069708191740526	1.0	8.162593607724899
0.8881149104424072	28.2131906769346	19.19862140873449	29.714259038984174	-0.00022069708191740526	1.0	8.121233574955077
0.8905048608826223	28.165238050870123	19.196305177168945	29.79392405365801	-0.00022069708191740526	1.0	8.080119706037117
0.8928961535897024	28.117528070727214	19.19395995177429	29.87363381056068	-0.00022069708191740526	1.0	8.039250557615265
0.8952887885636476	28.07005929214935	19.191585880925334	29.95338830969218	-0.00022069708191740526	1.0	7.998624694796426
0.897682765804457	28.02283027924896	19.189183112126894	30.033187551052496	-0.00022069708191740526	1.0	7.958240691100981
0.9000780853121323	27.97583960455781	19.186751792018878	30.11303153464167	-0.00022069708191740526	1.0	7.918097128413472
0.9024747470866724	27.9290858489772	19.18429206638143	30.192920260459676	-0.00022069708191740526	1.0	7.878192596933144
0.9048727511280776	27.882567601729274	19.181804080139916	30.27285372850652	-0.00022069708191740526	1.0	7.838525695125569
0.9072720974363473	27.83628346030832	19.179287977369917	30.352831938782174	-0.00022069708191740526	1.0	7.799095029674258
0.9096727860114825	27.790232030431742	19.176743901302284	30.432854891286684	-0.00022069708191740526	1.0	7.759899215431965
0.9120748168534829	27.74441192599231	19.174171994328027	30.51292258602003	-0.00022069708191740526	1.0	7.7209368753732495
0.9144781899623482	27.698821769010276	19.171572398003256	30.593035022982207	-0.00022069708191740526	1.0	7.682206640546886
0.9168829053380778	27.653460189585243	19.1689452530541	30.673192202173194	-0.00022069708191740526	1.0	7.643707150028074
0.9192889629806732	27.608325825849146	19.166290699381552	30.753394123593043	-0.00022069708191740526	1.0	7.605437050871727
0.9219241632373473	27.563417323919317	19.16360887606628	30.833640787241723	-0.00022069708191740526	1.0	7.567394998065819
